# h        omch2      ombh2      ln(10^10*As)    ns    tau
0.67669363 0.11320311 0.02582653 3.28525944 0.86899299 0.17524927
0.79999843 0.16028683 0.01979829 2.94688841 1.09164335 0.01091827
0.72567396 0.07849024 0.02339127 3.57315507 1.00385922 0.10588123
0.64768471 0.18563368 0.01223386 2.16351021 0.93119707 0.21154547
0.61692536 0.06471714 0.01691452 2.33249388 0.88455592 0.14275392
0.70663946 0.17127724 0.02871061 3.93163812 0.96189407 0.06731942
0.76825015 0.08888313 0.01449139 2.55717235 1.06138999 0.09588124
0.65823270 0.13772721 0.02113344 3.21001224 0.83404064 0.23045125
0.67374013 0.07239397 0.01271558 3.82990281 1.06644571 0.19040190
0.75290124 0.19171622 0.02165924 2.43391459 0.83909412 0.11577294
0.72232977 0.12352225 0.01525347 3.06164622 0.93648657 0.03102177
0.60097811 0.14997228 0.02912167 2.70571229 1.01382248 0.16639757
0.63272639 0.09979506 0.02381578 2.78289891 0.97068087 0.24784309
0.74079070 0.12682900 0.01055935 3.44942596 0.89801649 0.08223754
0.78366059 0.05921367 0.02634138 2.07740172 0.80768944 0.05096759
0.69277463 0.17677613 0.01803346 3.65895255 1.03033755 0.15535754
0.69433282 0.05414408 0.02192715 2.56603135 0.91680842 0.07611922
0.77923429 0.17243864 0.01369798 3.17002740 0.98946370 0.24083137
0.74553477 0.10409132 0.02947937 2.29437109 1.08655645 0.14549465
0.63094885 0.13185742 0.01614545 3.93839092 0.86389923 0.04021144
0.61190825 0.11903372 0.01083955 3.55078105 0.82031116 0.12563589
0.71478152 0.14504457 0.02478529 2.21726185 1.04765364 0.20115799
0.76076726 0.07728962 0.01838009 3.34087311 0.95761283 0.17251583
0.66259064 0.19617272 0.02724504 2.92240820 0.88026782 0.03803354
0.65387926 0.09392554 0.01882719 2.05305765 1.01818612 0.06126717
0.76963707 0.14203694 0.02554795 3.71467089 0.94083876 0.13569077
0.70469064 0.06037539 0.01132814 2.83657306 0.85275951 0.22063992
0.62174228 0.16620276 0.02304669 3.42688194 1.08009966 0.08505887
0.64020932 0.08293270 0.02772737 3.06856901 1.03536037 0.02072954
0.73643282 0.19051590 0.01664746 2.66766700 0.81270080 0.18607170
0.78867766 0.10827972 0.02024106 3.78981330 0.91248755 0.21759776
0.68463250 0.15580315 0.01413406 2.44263746 0.98514049 0.11294431
0.68264390 0.08107125 0.01535860 2.88072313 0.83158119 0.09191405
0.79071432 0.18294356 0.02901626 3.35190715 1.05423640 0.22738762
0.73378582 0.11461209 0.01292357 2.22966930 0.96622783 0.13128208
0.64290594 0.15876839 0.02145160 3.50650209 0.89357054 0.05676042
0.62365764 0.09205222 0.02675871 3.98998263 0.92192639 0.10984839
0.70282487 0.13444872 0.01761646 2.27365142 0.99926882 0.21460906
0.77245500 0.06671449 0.02433535 3.15165769 1.09898032 0.18672107
0.65110942 0.16917071 0.01003952 2.61600576 0.87163527 0.02147724
0.66680015 0.12083195 0.02349643 2.48445628 1.02903419 0.04699579
0.75650814 0.15255311 0.01212843 3.77888249 0.80168689 0.15229858
0.71833264 0.07087571 0.02603455 2.65517967 0.89885546 0.23637592
0.60830910 0.19312537 0.01959063 3.11267653 0.97619567 0.07167394
0.62656842 0.05593529 0.01490874 3.37545401 1.00805106 0.03499360
0.74986711 0.17994533 0.02071642 2.85736497 0.93539154 0.16945656
0.77575645 0.09768843 0.01743412 3.73292972 0.84527948 0.20186910
0.69776110 0.12882624 0.02819075 2.00294185 1.06793247 0.12633657
0.69012683 0.10260723 0.01177050 3.22105021 0.87910864 0.16151284
0.78635643 0.13330529 0.02260467 2.51549120 0.95175906 0.02606828
0.73880288 0.05148827 0.01932295 3.88736286 1.04922275 0.12213742
0.63476384 0.17505858 0.02505191 2.34490502 0.82656066 0.19668820
0.60379678 0.07522202 0.02037001 2.14279446 0.85797903 0.15649766
0.71956067 0.19820438 0.01400486 3.62475073 1.08531722 0.05217674
0.75481586 0.11579413 0.02791033 2.99686651 0.99491435 0.07961773
0.67187362 0.14824801 0.01646484 3.26689343 0.91756504 0.24530119
0.66178303 0.06182344 0.02992176 3.64802543 0.98048606 0.20659927
0.76465021 0.16471884 0.01570342 2.11922424 0.90313441 0.10097450
0.71084976 0.09654530 0.02242294 3.49353742 0.81542553 0.01722652
0.61266703 0.13938095 0.01320192 2.77041552 1.04276137 0.18160640
0.64420760 0.11031127 0.01850906 2.72650790 1.07302852 0.23163839
0.72910298 0.15373544 0.02711581 3.01022198 0.85036410 0.09702866
0.79561727 0.08613625 0.01102252 2.38380273 0.94978935 0.06477017
0.68102524 0.18727641 0.02460264 3.84816558 1.02243742 0.14015604
0.67873705 0.06867814 0.01036395 2.10842929 1.05569217 0.24961089
0.79461988 0.16719733 0.02401123 3.62749493 0.82834943 0.08422022
0.72987864 0.09021645 0.01791640 2.75193100 0.89035699 0.04898078
0.64681136 0.13629307 0.02645847 3.48094229 0.96770174 0.15359485
0.61506477 0.11394789 0.02177657 3.03067918 0.99779490 0.19214974
0.71141940 0.15944117 0.01259830 2.73722955 0.92513995 0.11777468
0.76386189 0.08186276 0.02931689 3.86093321 0.87486701 0.02902425
0.65970392 0.18214232 0.01505828 2.40245975 1.09752456 0.16464466
0.66914478 0.09805909 0.02851520 2.52612710 0.80433282 0.14475121
0.75416518 0.12844585 0.01710997 3.24148181 1.02699265 0.06907254
0.72067704 0.05543618 0.02101638 2.36347659 0.97413565 0.09413316
0.60596609 0.18045302 0.01460848 3.90010507 0.90148297 0.22844976
0.63672408 0.06920446 0.01991562 3.60413877 0.93276404 0.17723633
0.73971017 0.19480521 0.02570926 2.13197820 1.01011107 0.01268073
0.78591177 0.12237418 0.01242908 3.25421715 1.06997402 0.10411364
0.68760402 0.15100115 0.02319609 2.97836087 0.84263354 0.20956257
0.69871994 0.11749230 0.01676455 3.75835661 0.95381892 0.01875740
0.77776194 0.14655842 0.02761032 2.47366601 0.87648102 0.18429427
0.74739575 0.07368836 0.01432952 3.10008441 0.82391484 0.21938014
0.62616930 0.19972831 0.02004566 2.63669811 1.05126446 0.11491238
0.60770396 0.05112622 0.02535277 2.86809124 1.08327552 0.05925493
0.71565526 0.17541090 0.01902240 3.39591589 0.86062484 0.13395254
0.75872270 0.10313323 0.02292941 2.02160188 0.92019267 0.22237313
0.66796806 0.13278788 0.01144546 3.74570031 0.99285449 0.08707516
0.65162771 0.08679070 0.02490237 3.37234360 0.90634785 0.12390243
0.77480730 0.18663054 0.01072249 2.89136395 0.97901197 0.19914194
0.70069411 0.10949173 0.02744049 3.51924707 1.04130577 0.17452787
0.62282397 0.15454525 0.01818469 2.24824358 0.81865740 0.03977200
0.64186321 0.09455358 0.01350280 2.26284002 0.84713222 0.07433707
0.73144599 0.14136294 0.02212236 3.96937560 1.07448413 0.23886309
0.79327264 0.06364949 0.01602817 2.59750289 1.02391150 0.14746702
0.68336820 0.16290137 0.02959670 3.13898412 0.94657592 0.04198863
0.68684910 0.08821978 0.02083371 3.70196274 1.09309898 0.03302118
0.78984130 0.13840028 0.01479143 2.03445917 0.86576110 0.16767942
0.73582947 0.06550951 0.02838593 3.40648447 0.92798366 0.20365129
0.63752781 0.17047629 0.01723890 2.82591019 1.00533328 0.12830479
0.61926980 0.08045418 0.01193299 2.68620718 0.96042000 0.04498383
0.70429631 0.18366116 0.02369184 3.08121885 0.88776934 0.15056006
0.77059473 0.11136763 0.01947354 2.45348831 0.83727252 0.23810931
0.65588988 0.16213204 0.02615159 3.81039876 1.05993437 0.07369007
0.66514707 0.05754328 0.01773374 3.18264133 0.84173992 0.10811522
0.76149559 0.17845625 0.02664140 2.58447369 1.06440403 0.21259272
0.71373686 0.10133815 0.01023469 3.95894028 1.01176260 0.18873328
0.60957279 0.12527733 0.02414013 2.30512381 0.93911422 0.02321551
0.62881935 0.12389319 0.02882082 2.19862411 0.89538886 0.09013160
0.74469607 0.14959275 0.01555402 3.53797172 0.97274074 0.22541963
0.77975360 0.07189515 0.02133451 2.91170590 1.03237924 0.13325430
0.69668023 0.19222477 0.01304062 3.32037416 0.80504364 0.05853779
0.69198824 0.07692843 0.02692059 2.41532096 0.99152369 0.23340592
0.78157711 0.19652533 0.01870424 3.81719958 0.91418094 0.09901163
0.74319033 0.11956058 0.02448533 2.69505219 0.86125327 0.06278318
0.63329200 0.14452744 0.01113981 3.04125146 1.08859802 0.13839351
0.60175274 0.10578978 0.01582047 3.46208067 1.04561208 0.20834738
0.72493842 0.13016869 0.02980466 2.80144401 0.82295711 0.10297594
0.75061180 0.05261071 0.01339734 3.67954078 0.88289530 0.01522918
0.67274777 0.17396343 0.02222749 2.08825529 0.95555283 0.17985331
0.65778625 0.10628886 0.01380963 2.96533537 0.94405234 0.15849526
0.76573146 0.15778542 0.02056519 3.29787805 1.01671217 0.05392958
0.70859768 0.08475961 0.01634752 2.17426594 1.07864391 0.07786982
0.61783692 0.18869872 0.02802762 3.59370739 0.85599124 0.24329952
0.64880223 0.06103012 0.02272172 3.91883341 0.80946907 0.16349961
0.72783814 0.16555775 0.01165340 2.31386082 1.03681612 0.02783101
0.79727072 0.09310629 0.02524732 3.18951630 0.98661442 0.12036966
0.67603816 0.14284761 0.01912751 2.54647300 0.90927397 0.19470548
0.67529898 0.07018006 0.02282581 3.04783177 0.96728989 0.05540587
0.79820706 0.19389369 0.01154937 2.71629665 0.88994486 0.13076348
0.72702589 0.12101405 0.02545638 3.84183089 0.83037289 0.22603222
0.64942116 0.15244368 0.01891848 2.42535012 1.05771535 0.09139261
0.61865571 0.09728489 0.01423782 2.06308182 1.09557433 0.02283361
0.70797309 0.12930244 0.02013705 3.66906197 0.87291709 0.18724153
0.76647708 0.05699773 0.01685626 2.79532862 0.92547854 0.21596265
0.65684415 0.17895556 0.02751890 3.44133261 0.99813380 0.11036798
0.67199758 0.11538012 0.01597582 3.56758037 0.90226103 0.07026178
0.75155542 0.15807303 0.02964935 2.16475618 0.97491398 0.23591492
0.72411505 0.08096154 0.01355513 3.29273195 1.02548189 0.15088360
0.60237887 0.18312594 0.02206973 2.94363399 0.80282234 0.04653394
0.63410884 0.06719098 0.02737563 2.55206876 0.84421756 0.12775057
0.74256988 0.16876689 0.01824924 3.21175985 1.07155773 0.20233191
0.78232087 0.09106273 0.02496722 2.33949146 1.00925979 0.17086970
0.69105038 0.13551087 0.01065795 3.92787826 0.93191244 0.03545363
0.69606317 0.09614146 0.02922519 2.83543581 1.05277494 0.19625560
0.78056791 0.13985747 0.01514967 3.43259588 0.82542560 0.12069320
0.74376170 0.06288559 0.02186829 2.05620716 0.87570269 0.02563662
0.62956030 0.16372935 0.01250689 3.70706295 0.95304086 0.16007132
0.61051360 0.08544087 0.01781280 3.78820111 0.99370608 0.24573198
0.71299014 0.18804446 0.02656237 2.44784595 0.92104395 0.08106010
0.76211919 0.11049366 0.01046757 3.07218963 0.85904113 0.05261021
0.66432710 0.15362572 0.02390731 2.66056070 1.08169150 0.15794103
0.65526171 0.05196450 0.01236422 2.28389546 0.81663422 0.18111433
0.77141624 0.17465502 0.02326064 3.95234460 1.03928232 0.01584176
0.70335092 0.10161746 0.01998045 2.57449092 0.97942410 0.10048513
0.62001805 0.13436773 0.02564472 3.15796389 0.90675970 0.20521547
0.63846677 0.11656246 0.02096404 3.33089911 0.94623702 0.14064627
0.73508700 0.14755234 0.01466113 2.93683301 1.02357291 0.06615311
0.79046295 0.07511258 0.02856753 3.55873517 1.07643405 0.09751988
0.68603327 0.19838648 0.01705734 2.20472341 0.84908245 0.23302401
0.68399582 0.12304576 0.01329374 2.64183634 1.00499438 0.21199182
0.79245077 0.15037610 0.02233140 3.12180940 0.92764506 0.10730804
0.73239116 0.07338345 0.01592408 2.49981568 0.86771102 0.01136547
0.64111456 0.19065407 0.02970074 3.76785945 1.09504920 0.17667890
0.62188456 0.05844565 0.02439363 3.72009184 1.05791118 0.23000308
0.70143631 0.17747148 0.01123120 2.01254965 0.83524908 0.09445258
0.77418534 0.09990478 0.02701230 3.39031178 0.88818146 0.06687403
0.65244304 0.12664662 0.01861282 2.84587082 0.96083186 0.14132613
0.66858543 0.07889378 0.02519498 2.22358915 0.93996580 0.16690153
0.75790889 0.18515748 0.01918016 3.50922626 1.01261389 0.03239097
0.71659008 0.11214068 0.02277405 2.88479103 1.06282031 0.11627972
0.60696327 0.16127660 0.01160077 3.35107698 0.84015591 0.19177195
0.62522870 0.08957877 0.01628266 3.14510642 0.80655413 0.15485174
0.74814286 0.13695890 0.02809217 2.61822830 1.03388999 0.04959657
0.77713889 0.06453505 0.01387448 3.99452546 0.97196242 0.08173261
0.69954028 0.17138667 0.02050065 2.27332669 0.89461079 0.24647485
0.68835376 0.05960705 0.01938184 3.49094867 1.09018203 0.04161084
0.78496788 0.16689843 0.02624298 2.77660057 0.86283699 0.14597207
0.74053322 0.09403498 0.01202471 3.64871637 0.91332965 0.24222982
0.63609745 0.14185483 0.02360043 2.11504762 0.99067210 0.07659395
0.60514870 0.10780348 0.02828233 2.38168891 0.95633090 0.03663596
0.72129712 0.15620671 0.01734280 3.85485608 0.88367363 0.17204025
0.75342120 0.08392248 0.02093733 2.72672773 0.82144636 0.19975773
0.67008223 0.18945345 0.01468751 3.00554373 1.04410159 0.12515932
0.66044331 0.10478671 0.02126965 3.87836542 0.85404102 0.08651774
0.76292597 0.13108937 0.01310518 2.35835326 1.07669399 0.22105788
0.71223220 0.05396168 0.02888566 3.23193402 1.01705077 0.13714694
0.61444620 0.17254837 0.01548948 2.50002308 0.94439123 0.06168418
0.64599288 0.07769347 0.01018235 2.98736744 0.90886211 0.11148729
0.73050373 0.19569620 0.02419278 3.27987055 0.98620230 0.21718163
0.79387471 0.11797156 0.01778607 2.15418372 1.03883957 0.18461368
0.67967941 0.14603406 0.02658876 3.60975754 0.81149225 0.02031072
0.68008898 0.10056811 0.01828839 2.37100919 0.92911900 0.12976371
0.79635633 0.12597356 0.02733643 3.89691074 1.00178080 0.20406921
0.72848398 0.05765328 0.01093126 2.52061439 1.09181747 0.16913554
0.64501997 0.17827244 0.02469388 3.24278977 0.86916677 0.03343822
0.61329169 0.07141951 0.02937577 3.26127481 0.83379332 0.07223297
0.71003085 0.19262660 0.01624935 2.97466109 1.06114292 0.23769323
0.76559224 0.12488123 0.02203077 3.59909718 0.96404544 0.14910212
0.66103753 0.14853089 0.01359406 2.13378780 0.88670753 0.04456494
0.67093006 0.06620545 0.02017620 2.76379710 1.01524137 0.02461487
0.75556593 0.16970653 0.01419862 3.47231583 0.93790581 0.18921075
0.71893448 0.08803569 0.02779221 2.09455476 0.83811434 0.21399121
0.60462026 0.13851056 0.01658292 3.63801920 1.06546627 0.10858990
0.63538435 0.11176974 0.01127579 3.87330094 1.03124405 0.05714027
0.73798592 0.16165612 0.02309934 2.39430440 0.80859569 0.13277864
0.78729421 0.07939261 0.01887952 3.01629920 0.89667079 0.22401930
0.68938319 0.18464892 0.02549532 2.74727889 0.96933493 0.08965511
0.69694687 0.08428368 0.01438780 3.52776863 0.86487867 0.13889755
0.77637339 0.18910084 0.02123734 2.23624207 1.08753624 0.06415232
0.74912609 0.10727664 0.01701814 3.36192805 0.98804445 0.09951834
0.62750291 0.15672383 0.02860668 2.90537771 0.91538952 0.23477603
0.60905588 0.09233653 0.02329958 2.60551899 0.88161376 0.17934746
0.71739171 0.14354355 0.01232526 3.12650767 0.95895853 0.01385819
0.75732805 0.06114043 0.02591825 2.25292609 1.04674739 0.10247105
0.66617667 0.16537363 0.01970688 3.98386048 0.81940467 0.20697911
0.65028799 0.11996241 0.02628903 3.10317384 1.07992588 0.24374581
0.77308305 0.14405179 0.01808611 2.62903009 0.85258539 0.07929671
0.70207655 0.07586655 0.02386811 3.75715736 0.94291718 0.05437685
0.62460314 0.19751339 0.01050672 2.47931796 1.02026419 0.15992482
0.64364848 0.05330694 0.01518860 2.02516242 0.98298888 0.19425735
0.73284674 0.17319339 0.02918623 3.73853392 0.91033618 0.11894095
0.79153008 0.10560595 0.01278042 2.86641706 0.81294787 0.02738559
0.68202237 0.13027871 0.02159471 3.40106239 1.03560768 0.16207187
0.68545444 0.05503407 0.02781863 3.96306826 0.89141894 0.15310273
0.78804992 0.18092894 0.01655623 2.30435372 0.96407645 0.04759606
0.73718140 0.09912065 0.02046173 3.17662317 1.05448348 0.08373090
0.63926427 0.12745810 0.01391345 2.58725985 0.83182849 0.24822705
0.62100015 0.12167824 0.01921935 2.91630881 0.87146148 0.16513496
0.70562993 0.15177090 0.02515581 3.32010952 1.09880621 0.03040713
0.76882167 0.06938854 0.01187412 2.19213483 1.00134724 0.11826582
0.65450134 0.19469493 0.02250075 3.54025625 0.92400447 0.19353542
0.66340452 0.09069208 0.01095766 3.42178188 0.97754160 0.22801719
0.76014977 0.13589125 0.02466720 2.81482516 0.90020117 0.09268889
0.71552214 0.06769010 0.01857390 3.68855932 0.80078063 0.06864085
0.61097355 0.16825919 0.02705127 2.04353195 1.02812770 0.14330974
0.63020180 0.08263280 0.02237059 2.46828409 1.06891192 0.20999329
0.74647525 0.18144610 0.01325458 3.79884261 0.84625926 0.10555609
0.77841389 0.11383790 0.02997409 2.67330922 0.93397230 0.01311426
0.69495599 0.15962498 0.01565078 3.09076656 1.00663216 0.17867962
0.69371859 0.10879549 0.02423176 2.18521173 0.82746715 0.11350014
0.78291073 0.15531530 0.01014342 3.57830126 1.05012901 0.21891920
0.74141726 0.08697454 0.02686233 2.95639801 0.95041335 0.18287936
0.63190346 0.18652052 0.01751253 3.31138637 0.87776271 0.01829548
0.60035809 0.06324765 0.01283188 3.20096754 0.91898394 0.08848922
0.72314704 0.16337702 0.02154300 2.53154180 0.99633358 0.22283592
0.75196373 0.09561547 0.01545032 3.90939442 1.08433744 0.13536563
0.67448423 0.14037487 0.02892485 2.32689803 0.85699958 0.05971500
0.65916870 0.07445813 0.01738177 2.69568305 1.04251407 0.03841751
0.76751064 0.19903235 0.02824341 3.03701476 0.81517845 0.17400919
0.70725796 0.11738199 0.01496108 2.41267022 0.90528579 0.19778647
0.61611268 0.14674254 0.02066379 3.82332265 0.98263766 0.12338108
0.64705968 0.10360916 0.02596968 3.67970052 1.02035934 0.04334496
0.72649232 0.13238575 0.01965519 2.08351696 0.94771094 0.14798753
0.79905600 0.05013844 0.02356127 3.45990486 0.85053821 0.24021672
0.67743892 0.17647250 0.01206390 2.80807252 1.07320231 0.07485661
0.67797131 0.05035469 0.01648974 3.54331270 0.99913292 0.17334764
0.79851121 0.17626530 0.02788543 2.18931668 0.92647535 0.03860253
0.72596298 0.10381636 0.01397872 3.31509422 0.87356824 0.12272404
0.64760141 0.13216951 0.02039615 2.92107437 1.09622317 0.19798161
0.61586076 0.11700100 0.02507948 2.59005881 1.05673685 0.14864175
0.70749747 0.14711456 0.01929538 3.17357804 0.82939208 0.04315261
0.76775950 0.07408611 0.02257586 2.29959973 0.88935096 0.07552097
0.65893223 0.19941335 0.01179931 3.96806461 0.96669368 0.24002890
0.67462294 0.09540838 0.02463122 3.08747548 0.93176019 0.21820335
0.75181262 0.14059122 0.01099394 2.67586228 1.00910069 0.11375412
0.72300527 0.06303130 0.02708847 3.80408110 1.07102102 0.01757511
0.60051225 0.16358411 0.01853640 2.46377219 0.84367401 0.18312320
0.63126397 0.08734637 0.01322829 2.04095993 0.80303637 0.22355909
0.74204434 0.18613935 0.02239657 3.69186197 1.02568907 0.08824257
0.78355327 0.10917667 0.01567829 2.81934839 0.97547584 0.06042805
0.69308844 0.15494346 0.02994689 3.41652420 0.90281604 0.13511446
0.69480478 0.11347745 0.01009249 2.32408378 1.08198099 0.09343084
0.77855269 0.15997637 0.02428237 3.91245484 0.85931919 0.22773621
0.74662950 0.08228141 0.01756468 2.53631108 0.92153493 0.14406170
0.63005994 0.18180654 0.02681049 3.19595591 0.99418564 0.06836450
0.61160054 0.06792232 0.02150237 3.30834515 0.95281772 0.10480681
0.71488274 0.16803594 0.01287281 2.95920093 0.87546813 0.21026694
0.75951972 0.09091533 0.02896670 3.58330133 0.82496436 0.17793499
0.66404696 0.13565902 0.01540817 2.18046141 1.05230227 0.01339794
0.65395645 0.06973983 0.02824009 2.81062925 0.84818413 0.04828920
0.76935415 0.19433438 0.01738479 3.45661750 1.07551969 0.15288520
0.70617176 0.12203878 0.02066589 2.07900901 1.02291256 0.24891017
0.62047072 0.15141962 0.01495928 3.68494291 0.94556062 0.08350873
0.63950368 0.09889759 0.01964264 3.82662896 0.90769237 0.02972131
0.73692958 0.12769050 0.02598254 2.41010194 0.98034073 0.16535981
0.78781355 0.05480167 0.01207523 3.03176104 1.04001364 0.19284497
0.68570321 0.18115201 0.02354963 2.70021019 0.81734950 0.11848066
0.68139528 0.10522481 0.02727139 2.13829586 0.96143272 0.07858085
0.79216957 0.13065059 0.01835374 3.59385490 0.88877086 0.24399978
0.73347689 0.05293507 0.02476014 2.97210424 0.83623439 0.15920444
0.64300595 0.17357452 0.01086469 3.26456205 1.05888503 0.05462070
0.62475425 0.07608293 0.01617401 3.24804361 1.09440487 0.11966414
0.70193784 0.19730634 0.02945081 2.51608737 0.86705523 0.19401070
0.77292889 0.12016947 0.01367062 3.89360430 0.92665290 0.16278492
0.65042975 0.14383540 0.02195451 2.37357736 1.00399076 0.02713442
0.66593716 0.06151241 0.01416165 2.74250949 0.89406028 0.06349076
0.75757996 0.16499260 0.02021347 3.02131072 0.97139591 0.13908257
0.71762817 0.09271756 0.01661867 2.39711877 1.03368746 0.23411900
0.60880703 0.14317157 0.02775616 3.87024064 0.80633559 0.09971349
0.62804770 0.10706941 0.02307160 3.63301901 0.84070410 0.01451242
0.74859370 0.15694004 0.01130322 2.09930496 1.06335251 0.17915512
0.77583166 0.08406747 0.02552183 3.47535717 1.01277750 0.20764346
0.69747621 0.18930807 0.01885331 2.76099429 0.94011341 0.10228323
0.68963501 0.07962497 0.02118542 3.97862188 1.04456961 0.18990388
0.78705479 0.18442581 0.01443941 2.25743788 0.82191211 0.02439735
0.73773716 0.11199284 0.02865738 3.12979888 0.88390369 0.10927303
0.63562072 0.16142375 0.01696775 2.60296605 0.95655868 0.21376905
0.60408778 0.08767511 0.01228318 2.90085436 0.99018804 0.13209283
0.71947936 0.13886180 0.02334196 3.36718561 0.91284332 0.05736512
0.75609537 0.06585420 0.01974774 2.23881420 0.86255427 0.08896466
0.67038823 0.17006712 0.02587709 3.52446610 1.08989704 0.22423413
0.66167693 0.12465802 0.01808424 3.40607781 0.81077246 0.20481115
0.76496525 0.14876315 0.02629060 2.86165163 1.03811289 0.12948273
0.70938841 0.07118725 0.01050981 3.73547735 0.98528103 0.03419018
0.61392174 0.19284980 0.02386532 2.02798046 0.90793395 0.16885920
0.64488117 0.05800470 0.02917467 2.48407207 0.94506297 0.23694396
0.72863519 0.17791204 0.01520047 3.75216113 1.01771563 0.07250663
0.79649819 0.10092851 0.02160749 2.62623101 1.07760384 0.04382030
0.67993472 0.12562213 0.01276733 3.10621885 0.85494398 0.14938579
0.67905223 0.11835256 0.02227948 2.85086513 0.88555744 0.22180687
0.79451392 0.14566204 0.01334535 3.38555576 0.96290677 0.08624437
0.73113397 0.07806548 0.02975144 2.00950273 1.06034066 0.06242864
0.64535063 0.19531521 0.01587369 3.72288901 0.83300249 0.13686344
0.61459722 0.05374544 0.01118912 3.77262679 0.87028712 0.21643996
0.71209321 0.17275557 0.02443601 2.49480217 1.09294925 0.11176798
0.76277190 0.10457951 0.01865368 3.11899327 1.00251670 0.01955893
0.66058536 0.13130561 0.02697114 2.64489482 0.92986633 0.18488986
0.66984262 0.08355064 0.01917829 2.26806722 0.96933603 0.14665818
0.75367283 0.18983463 0.02519654 3.99904691 0.89668793 0.04138571
0.72153368 0.10742231 0.01160386 2.62152892 0.80898138 0.07728457
0.60490013 0.15657855 0.02277126 3.14253238 1.03164578 0.24201481
0.63664215 0.09424207 0.02808062 3.34656710 1.06539420 0.17134683
0.74000055 0.14163848 0.01629452 2.89003154 0.83805830 0.03685376
0.78442624 0.05982340 0.02051343 3.51178111 0.93748577 0.12447603
0.68888339 0.16669134 0.01386139 2.22029985 1.01483737 0.19998006
0.69979200 0.06430282 0.02617794 3.00079162 0.81926615 0.03173646
0.77689919 0.17160991 0.01944719 2.73172601 1.04661118 0.16709417
0.74789420 0.08935552 0.02366669 3.85765698 0.95861867 0.19110742
0.62546536 0.13719111 0.01195814 2.37864566 0.88127621 0.11646771
0.60643070 0.11250112 0.01726746 2.11003801 0.91547081 0.05025841
0.71713468 0.16092521 0.02835737 3.65348768 0.98812804 0.15466643
0.75843843 0.07924517 0.01476407 2.77966277 1.08785548 0.24713206
0.66804389 0.18479704 0.02086107 3.48813621 0.86520022 0.08153729
0.65308234 0.10012784 0.01306821 3.61428265 1.03665715 0.10658515
0.77355807 0.12641422 0.02130692 2.14892797 0.81400419 0.21223819
0.70079397 0.05867805 0.01552522 3.27730047 0.91114754 0.17596602
0.62251490 0.17724842 0.02884961 2.99067196 0.98380708 0.01161647
0.64097566 0.07303217 0.02416505 2.50526726 1.01918956 0.09516815
0.73254208 0.19101461 0.01020977 3.22742786 0.94184940 0.22974939
0.79259273 0.12268521 0.02661527 2.35506793 0.85171225 0.14204634
0.68384185 0.15072738 0.01775987 3.88092417 1.07905959 0.06663036
0.68656594 0.07489619 0.01149844 3.44390280 0.92326179 0.01652786
0.78991825 0.19859354 0.02287643 2.79202422 1.00060683 0.18088919
0.73455737 0.11635541 0.01897063 3.66453674 1.09767894 0.20590609
0.63900841 0.14776872 0.02540454 2.06833745 0.87033648 0.10027012
0.61976641 0.10199859 0.02009642 2.42863557 0.83262383 0.06545968
0.70359053 0.13399586 0.01427875 3.83927226 1.05528109 0.14086408
0.77166482 0.05233638 0.02756075 2.71105235 0.96521976 0.23234071
0.65502515 0.17427388 0.01681411 3.05233781 0.89256452 0.09774220
0.66446609 0.11070089 0.02964603 3.92507724 1.00704067 0.12144218
0.76196817 0.15340951 0.01597884 2.34253459 0.93438770 0.19598222
0.71284809 0.08565708 0.02207183 3.21651208 0.84631994 0.16081579
0.61066767 0.18783723 0.01355334 2.54707060 1.06897948 0.02535313
0.62892110 0.06251361 0.01823669 2.94057167 1.02773062 0.08031844
0.74438888 0.16411038 0.02738848 3.29554429 0.80039043 0.24601267
0.78121016 0.09576042 0.01066928 2.16976591 0.90018854 0.15718924
0.69543293 0.14022945 0.02495558 3.56280918 0.97753586 0.05288638
0.69089946 0.09142332 0.01508318 2.65725995 0.85667338 0.23519202
0.78245977 0.13515962 0.02929199 3.07476356 1.08402271 0.07050814
0.74272385 0.06754222 0.01257216 2.45310554 0.99624549 0.04582106
0.63396688 0.16840631 0.02180271 3.78367979 0.91890731 0.15113459
0.60300614 0.08072917 0.02648604 3.70450798 0.87809576 0.20304749
0.72347576 0.18334904 0.01788883 2.05949634 0.95075786 0.12749689
0.75092509 0.11515701 0.02398242 3.43710588 1.05026057 0.03617383
0.67263992 0.15830540 0.01039276 2.83019541 0.82761017 0.17062603
0.65629956 0.05664630 0.02322467 2.20777045 1.07406409 0.13010896
0.76700966 0.17931597 0.01240049 3.55593811 0.85141600 0.05559850
0.70851462 0.09692449 0.02568191 2.93183857 0.94877407 0.09072809
0.61812618 0.12965387 0.01994296 3.33565501 1.02143848 0.22622022
0.64966086 0.12123726 0.01463485 3.16078014 0.98181480 0.18790337
0.72677416 0.15221142 0.02099001 2.57143256 0.90447893 0.02264830
0.79797040 0.07041232 0.01708484 3.94757714 0.81411762 0.11102518
0.67554765 0.19367047 0.02854033 2.28890885 1.04146925 0.21576733
0.67619213 0.09290140 0.01481886 3.80540432 0.83509919 0.05320577
0.79712877 0.14306155 0.02080598 2.45824421 1.06243708 0.15874253
0.72768723 0.06081617 0.01721269 3.08426589 0.96271465 0.24258756
0.64894114 0.16576265 0.02841244 2.68341013 0.88536504 0.07811990
0.61720659 0.08512935 0.02372911 2.82114273 0.93013167 0.02854750
0.70924003 0.18832000 0.01189603 3.41149786 1.00278236 0.16324501
0.76635874 0.10666757 0.02611554 2.03727541 1.09077929 0.19542476
0.65714696 0.15741569 0.01950928 3.69890438 0.86811747 0.12012690
0.67328932 0.05282476 0.02671643 3.32563375 1.03020826 0.09835803
0.75008227 0.17375864 0.01765840 2.90718458 0.80754414 0.23359763
0.72439383 0.10599458 0.02406388 3.53467098 0.89768572 0.13772807
0.60228533 0.12995464 0.01031125 2.20119804 0.97033409 0.06297210
0.63305535 0.11918168 0.01561936 2.30963382 1.01391284 0.10363687
0.74343900 0.14489700 0.02875578 3.95369989 0.93656093 0.20816299
0.78181682 0.07655887 0.01297405 2.58191873 0.83942260 0.18051143
0.69173652 0.19690422 0.02140077 3.18593051 1.06675818 0.01503293
0.69615061 0.07224882 0.01871610 2.09300752 0.88027814 0.21327974
0.78029525 0.19186205 0.02690903 3.67454261 0.95762088 0.10788917
0.74522875 0.12425591 0.01112673 2.79864299 1.04804842 0.02390522
0.62827467 0.14923907 0.02449811 3.46512379 0.82070367 0.18851919
0.60982137 0.10111261 0.02980622 3.04626118 0.86383624 0.22472529
0.71350030 0.12551185 0.01581860 2.69028101 1.08649119 0.09035033
0.76124397 0.05730876 0.02222471 3.81413726 0.98905288 0.05785540
0.66538669 0.17868179 0.01340043 2.41813331 0.91639533 0.13347571
0.65574784 0.11100480 0.02060757 2.54194777 0.98399948 0.16842749
0.77074881 0.16248561 0.01376756 3.19477192 0.91133966 0.03274872
0.70443531 0.08010061 0.02798646 2.31643102 0.81190777 0.12905018
0.61911879 0.18402399 0.01638837 3.91552901 1.03456045 0.20336688
0.63817007 0.06574421 0.01170502 3.58846309 1.08122923 0.14981931
0.73519924 0.17025092 0.02266980 2.17877197 0.85388220 0.04526361
0.78920210 0.08844514 0.01907712 3.30116350 0.94158374 0.07293737
0.68747628 0.13816558 0.02529802 2.96277674 1.01892421 0.23838639
0.68311953 0.06401908 0.02403721 2.39988967 0.87250613 0.19848834
0.79350929 0.16252252 0.01033767 3.86423774 1.09984888 0.12409415
0.73169771 0.09493245 0.02643127 2.74175465 1.00034118 0.03910655
0.64162350 0.14099334 0.01794390 3.02542344 0.92299643 0.17471678
0.62335350 0.10928697 0.01263458 3.47765696 0.89275691 0.23952401
0.70015256 0.15475935 0.02174060 2.75448975 0.96541189 0.07415268
0.77427471 0.08657661 0.01502078 3.63273911 1.05318466 0.04264675
0.65217230 0.18683530 0.02935408 2.10392313 0.83052714 0.14727079
0.66732571 0.10275448 0.01718600 2.98116176 1.06761549 0.18357046
0.75935303 0.13315758 0.02843887 3.25117389 0.84495566 0.01900468
0.71629455 0.05075652 0.01453367 2.12722609 0.93531253 0.11420041
0.60707668 0.17578966 0.02109149 3.60913705 1.00796520 0.21963022
0.62631125 0.07390228 0.02577605 3.90316727 0.97653780 0.13466902
0.74724177 0.19952337 0.01984912 2.36066413 0.89919075 0.05900032
0.77762303 0.11769723 0.02313052 3.23647220 0.80182768 0.08779446
0.69887086 0.14634451 0.01249435 2.53089841 1.02916813 0.22213038
0.68823425 0.12214878 0.02762317 3.74900093 0.91798278 0.06982062
0.78526951 0.15123581 0.01675200 2.01902784 0.99532066 0.14447876
0.73908298 0.06896979 0.02003403 3.39065642 1.08538699 0.22919514
0.63736328 0.19503061 0.01434085 2.87261268 0.85803737 0.09384874
0.60581202 0.05578971 0.01902541 2.63925296 0.82617266 0.01193998
0.72081908 0.18009016 0.02534945 3.09679512 1.04882332 0.17751611
0.75431619 0.09842195 0.01144367 2.46915613 0.95175566 0.20880987
0.66900578 0.12809233 0.02293151 3.76359712 0.87909381 0.10439073
0.65994047 0.08209731 0.01076342 3.13593720 1.02170383 0.08490724
0.76361331 0.18191682 0.02486175 2.60030005 0.94903972 0.24938484
0.71117979 0.11417340 0.01814253 3.97436992 0.84924605 0.15428455
0.61531639 0.15920661 0.02748233 2.25808400 1.07189444 0.04876668
0.64626972 0.08985376 0.02217299 2.24542746 1.04356594 0.11708033
0.73040826 0.13664678 0.01345187 3.52230555 0.81621405 0.19236846
0.79516457 0.06832443 0.02954485 2.89613129 0.90428680 0.16396228
0.67820437 0.16756002 0.01608032 3.36733009 0.98162241 0.02924567
0.68077647 0.08576652 0.02902911 2.61294919 1.09661702 0.10166855
0.79585363 0.18765512 0.01534605 3.15447572 0.87396174 0.20638083
0.72935479 0.10993255 0.02143997 2.27866683 0.92447052 0.18228861
0.64396818 0.15410519 0.01293490 3.98521720 0.99712774 0.01700528
0.61319646 0.09675020 0.01761947 3.50370301 0.96862532 0.09634193
0.71030793 0.13916700 0.02675539 2.23271430 0.89128284 0.23186416
0.76411773 0.06203738 0.01003773 3.35666126 0.82907153 0.13946650
0.66232791 0.16451394 0.02433745 2.87572690 1.05641654 0.06498408
0.67123117 0.11617302 0.01216936 2.00623306 0.84291395 0.02680931
0.75544590 0.14787845 0.02345581 3.73037678 1.07026131 0.16123277
0.72020006 0.07559158 0.01954848 2.85212637 1.01059282 0.19744108
0.60316978 0.19782548 0.02607639 3.37996580 0.93325268 0.12186016
0.63490569 0.05127422 0.02076704 3.11524867 0.90125061 0.05142838
0.73864862 0.17526338 0.01485782 2.65187714 0.97391017 0.15677041
0.78621762 0.10240244 0.02813891 3.77435914 1.02652232 0.24455563
0.69027804 0.13351934 0.01748626 2.48971384 0.80386938 0.07990231
0.69839124 0.09791397 0.02263065 3.26970779 0.99269315 0.15158180
0.77511391 0.12859172 0.01174422 2.99380622 0.92004280 0.04725068
0.74924002 0.05616981 0.02502471 3.61998133 0.86007891 0.07095448
0.62720791 0.17971978 0.01935045 2.14780598 1.08274106 0.23661885
0.60815494 0.07052203 0.01404114 2.34794636 1.05146926 0.17018066
0.71847440 0.19348809 0.02033404 3.88456006 0.82413111 0.03474604
0.75665925 0.12046923 0.01642734 2.51049102 0.87703380 0.12704870
0.66666144 0.15290678 0.02794752 3.22580042 0.95438315 0.20161884
0.65134589 0.06647979 0.01577944 3.84560874 0.94756580 0.22672698
0.77220614 0.16939607 0.02984543 2.38708997 1.02491739 0.09209815
0.70258535 0.09182685 0.01312712 3.01473005 1.07512619 0.05610248
0.62390955 0.13468342 0.02249805 2.72126563 0.84779028 0.13147815
0.64236421 0.11497492 0.02718260 2.76710908 0.81766981 0.21526238
0.73431515 0.15841482 0.01844257 3.49610559 1.04033419 0.10965697
0.79125910 0.08142482 0.02453707 2.12447807 0.97840884 0.02214251
0.68211150 0.18258073 0.01108779 3.64349842 0.90576073 0.18653233
0.68478677 0.10848447 0.01981015 3.20550430 1.05920535 0.13643181
0.78853581 0.15558906 0.02581497 2.56241474 0.83655493 0.06098711
0.73628162 0.08314680 0.01222078 3.93419485 0.88683898 0.08581175
0.64034813 0.19031114 0.02340405 2.32920652 0.95950107 0.22036266
0.62111224 0.06000579 0.02871217 2.15825649 1.00599593 0.18532334
0.70533309 0.16658161 0.01691265 3.57768221 0.92865774 0.02100228
0.77026406 0.09354669 0.02113066 2.95019472 0.86666172 0.11219876
0.65323987 0.14240653 0.01449448 3.28269115 1.09401103 0.21788235
0.66313248 0.07707571 0.02170163 3.66372183 0.80550257 0.24152543
0.76023783 0.19637765 0.01267351 2.07239009 1.03285422 0.07590079
0.71423665 0.11882879 0.02908051 3.44661171 0.97296157 0.04089365
0.61244074 0.14525848 0.01529432 2.78595932 0.89562572 0.14527340
0.63071248 0.10447008 0.01061097 2.71071236 0.93862093 0.20047126
0.74578354 0.13148772 0.02376386 3.05689589 1.01128536 0.12586165
0.77947371 0.05451378 0.01798306 2.43087337 1.06411223 0.03734401
0.69408101 0.17205990 0.02639207 3.83270573 0.84146416 0.17272975
0.69224529 0.05886015 0.01372541 2.92764669 0.95499324 0.11511230
0.78420233 0.17713899 0.02189942 3.33636120 0.88233802 0.19058601
0.74132310 0.09943220 0.01611924 2.21397076 0.82274535 0.16573962
0.63218161 0.12718253 0.02950588 3.55333411 1.04540263 0.03121783
0.60122697 0.12374765 0.02482256 3.94291415 1.08913699 0.08289086
0.72209331 0.14973761 0.01080258 2.28911342 0.86179455 0.24765165
0.75264934 0.07262863 0.02720899 3.16745538 0.91433546 0.15602282
0.67397965 0.19149082 0.01841583 2.56933400 0.99168052 0.05077885
0.65809094 0.08924581 0.02562298 2.43762216 0.90986560 0.01020150
0.76840432 0.13737350 0.01875185 3.79457886 0.98721290 0.17550416
0.70677818 0.06507085 0.02297043 2.67072345 1.03779235 0.21082600
0.61677425 0.17091455 0.01140470 3.06575086 0.81045214 0.10612416
0.64832725 0.07825569 0.01671280 3.42212795 0.85533783 0.06804351
0.72504382 0.18585919 0.02766233 2.84156941 1.07799735 0.14250635
0.79935895 0.11297761 0.01406750 3.71746985 1.01571079 0.23116339
0.67732072 0.16052138 0.02030732 2.05001253 0.94305780 0.09563099
0.67698143 0.07857358 0.01290338 2.49244823 0.90077186 0.03146624
0.79950183 0.18544123 0.02147175 3.77124895 0.97810775 0.16595860
0.72538883 0.11299216 0.01537756 2.64718050 1.02833232 0.19083611
0.64817788 0.16038831 0.02899728 3.12030193 0.80098071 0.11533323
0.61643568 0.08867221 0.02431524 3.38295775 0.84572960 0.05052874
0.70692177 0.13782873 0.01005959 2.84924320 1.06837771 0.15580188
0.76874861 0.06480045 0.02677759 3.72541891 1.00646884 0.24740325
0.65794086 0.17108475 0.01759755 2.01105558 0.93380445 0.08267188
0.67402520 0.12332962 0.02605461 2.88823461 0.96464717 0.10637243
0.75240804 0.15005544 0.01957051 3.34379314 0.89198505 0.21104511
0.72204203 0.07249563 0.02347752 2.22216598 0.83203314 0.17575439
0.60147475 0.19150545 0.01214731 3.51462334 1.05468352 0.01042230
0.63222797 0.05931530 0.01745426 3.99798235 1.09827658 0.09538075
0.74108260 0.17656532 0.02817056 2.26602561 0.87092724 0.23094258
0.78415024 0.09960246 0.01488976 3.14366604 0.92384119 0.14225808
0.69249226 0.12691220 0.02073538 2.62363865 1.00117935 0.06782441
0.69383931 0.10393532 0.01930399 3.65601702 0.81471934 0.22014401
0.77951890 0.13197720 0.02507084 2.11159129 1.04205951 0.08556393
0.74603095 0.05428236 0.01179067 3.48553765 0.98239814 0.06076676
0.63066081 0.17226450 0.02258446 2.77804127 0.90505081 0.13618203
0.61219986 0.07742787 0.02789144 2.73401129 0.94820227 0.21810270
0.71428264 0.19599853 0.01648369 3.00210080 1.02085521 0.11244854
0.76048443 0.11887775 0.02039010 2.37629132 1.07347376 0.02122093
0.66307999 0.14516439 0.01398472 3.85627966 0.85081421 0.18557116
0.65338314 0.06049535 0.02244180 3.22856109 1.04966987 0.14505489
0.76992514 0.16604693 0.01318304 2.50737755 0.82701262 0.04064571
0.70518409 0.09375121 0.02990162 3.87985918 0.87752315 0.07568030
0.62145765 0.14217504 0.01572351 2.35302686 0.95017841 0.24127578
0.64049211 0.10810542 0.01104146 2.15079358 0.99682487 0.17295023
0.73594341 0.15594129 0.02458368 3.61712528 0.91947985 0.03759365
0.78838610 0.08305263 0.01848885 2.98887451 0.85727100 0.12608018
0.68513145 0.19036003 0.02713597 3.27452691 1.08461348 0.20071921
0.68235930 0.11451061 0.02337242 3.83741422 0.93806751 0.23686895
0.79120782 0.15897934 0.01225275 2.42580051 1.01540769 0.07117542
0.73407385 0.08126370 0.02584667 3.05414283 1.06599404 0.04749908
0.64240978 0.18286022 0.01977820 2.71383347 0.83864672 0.15180079
0.62415653 0.06690698 0.01447246 2.79089867 0.80839289 0.20137044
0.70253325 0.16908740 0.02115240 3.44180021 1.03104587 0.12682973
0.77196564 0.09195070 0.01693473 2.06941012 0.96876578 0.03449593
0.65139227 0.13465963 0.02869044 3.66658549 0.89610626 0.16995972
0.66651206 0.07108648 0.01527243 3.29325144 1.00194254 0.13172838
0.75700427 0.19302371 0.02910274 2.93925492 0.92928528 0.05632328
0.71861730 0.12074879 0.01269542 3.56515595 0.86969457 0.09234643
0.60781564 0.15274574 0.02167946 2.17113566 1.09234982 0.22694609
0.62705782 0.09760523 0.02636026 2.33999755 1.06094016 0.18628406
0.74958433 0.12901884 0.01801459 3.92351627 0.83359511 0.02192340
0.77525752 0.05614610 0.02379569 2.54966147 0.88613842 0.10940673
0.69805266 0.17984370 0.01057949 3.21812589 0.96348087 0.21504157
0.69062343 0.05166242 0.02945930 2.06056847 0.85231211 0.01678492
0.78606864 0.17492030 0.01616557 3.70655716 1.07964799 0.18203883
0.73830972 0.10248745 0.02194606 2.82906932 1.01977132 0.20616218
0.63504895 0.13346130 0.01367911 3.43500372 0.94241970 0.10142074
0.60351446 0.11567430 0.01835994 3.07656818 0.91057731 0.06520274
0.72005037 0.14840399 0.02726523 2.66004160 0.98322539 0.13971432
0.75510771 0.07539621 0.01085853 3.78182135 1.03606868 0.23208450
0.67137515 0.19806613 0.02476634 2.45027100 0.81340426 0.09659170
0.66227625 0.09640720 0.01134833 2.57402299 1.08726292 0.12163968
0.76436513 0.13955528 0.02302654 3.16239450 0.86460081 0.19719143
0.71035310 0.06197926 0.01880823 2.28637138 0.91489662 0.16101426
0.61295478 0.16459888 0.02556693 3.94601672 0.98754701 0.02656137
0.64391571 0.08629213 0.02026118 3.55828437 0.95919963 0.08012083
0.72960139 0.18715648 0.01411400 2.20914060 0.88185032 0.24480358
0.79589962 0.11017313 0.02770849 3.33336163 0.81986563 0.15699089
0.68053560 0.15390974 0.01666636 2.93052222 1.04720381 0.05167803
0.67845212 0.09042679 0.02836586 3.17513758 1.01219413 0.09362829
0.79511323 0.13619327 0.01725901 2.59259537 0.93954143 0.22894548
0.73016700 0.06859655 0.02085262 3.96645127 0.84010249 0.14426023
0.64631533 0.16738925 0.01477255 2.29701029 1.06276229 0.06957269
0.61556343 0.08178113 0.01945339 2.19063200 1.03427761 0.10460926
0.71112774 0.18233421 0.02617179 3.54560508 0.80693713 0.20905779
0.76337277 0.11415827 0.01195198 2.91970510 0.89463233 0.17773657
0.65998680 0.15934141 0.02367289 3.31274888 0.97197935 0.01218964
0.66885646 0.05533628 0.01025489 3.69396314 0.92722526 0.04854633
0.75466126 0.18066325 0.02411999 2.04208500 1.00457004 0.15403479
0.72096193 0.09825111 0.01771479 3.41447593 1.09499575 0.24916621
0.60547268 0.12836437 0.02666038 2.81827714 0.86765303 0.08465941
0.63721314 0.12256624 0.02135463 2.67869591 0.83563666 0.02946430
0.73942724 0.15091970 0.01302055 3.08933304 1.05829422 0.16421010
0.78541317 0.06910451 0.02880194 2.46099154 0.96085337 0.19258882
0.68789572 0.19501541 0.01557292 3.80227750 0.88819843 0.11733009
0.69921630 0.07355184 0.02446647 2.95783222 1.07700217 0.17496700
0.77747410 0.19990192 0.01115870 3.30599937 0.85435382 0.03932737
0.74690282 0.11764770 0.02694072 2.18177728 0.94447955 0.12434243
0.62645447 0.14644032 0.01868414 3.58559327 1.01714370 0.19870742
0.60742131 0.10328867 0.01337840 3.91084190 0.98585302 0.14702250
0.71614481 0.13266981 0.02224646 2.32149382 0.90851745 0.04242766
0.75901489 0.05098966 0.01584068 3.19751585 0.81136256 0.07390246
0.66746973 0.17558448 0.02978449 2.53884712 1.03871449 0.23930320
0.65212060 0.10966545 0.01636648 2.40732172 0.86314521 0.21988034
0.77452207 0.15440883 0.02800868 3.82482482 1.09049479 0.11442133
0.70019779 0.08667249 0.01378947 2.70304425 0.99076046 0.01925306
0.62311187 0.18678584 0.02058540 3.03361805 0.91342254 0.18378944
0.64157108 0.06353124 0.02526621 3.45456975 0.88332439 0.22188199
0.73194435 0.16305663 0.01910865 2.80955760 0.95598619 0.08757547
0.79355523 0.09472734 0.02270163 3.68704460 1.04397194 0.05875021
0.68287861 0.14122655 0.01167355 2.08013367 0.82132125 0.13444810
0.68713694 0.06531759 0.01789743 2.51812755 0.97489433 0.18830065
0.78934493 0.17055787 0.02647740 3.24910769 0.90224592 0.02365729
0.73554429 0.08831958 0.01038412 2.37146810 0.80243634 0.10766871
0.63802075 0.13818993 0.02399102 3.89247208 1.02510043 0.21303008
0.61878026 0.11146740 0.02929800 3.59662743 1.07160960 0.13369617
0.70457895 0.16192166 0.01507714 2.14009232 0.84427398 0.05810506
0.77109305 0.08026230 0.02179666 3.26172030 0.93233039 0.09056886
0.65559771 0.18374279 0.01257817 2.97023954 1.00968227 0.22497322
0.66543229 0.10141963 0.02103524 2.10092547 0.88992517 0.20314824
0.76100271 0.12508531 0.01458959 3.63561654 0.96727482 0.12880235
0.71344897 0.05733305 0.02849506 2.75944192 1.05732931 0.03252836
0.61006910 0.17855616 0.01713006 3.47282870 0.82999146 0.16817773
0.62832098 0.07168495 0.01244802 3.02268712 0.87296893 0.23860676
0.74498821 0.19232471 0.02317713 2.74486295 1.09563078 0.07318713
0.78024320 0.12397464 0.01989540 3.86893246 0.99855171 0.04548224
0.69639763 0.14940069 0.02572942 2.39483451 0.92590106 0.15006714
0.69149487 0.11967868 0.01430932 3.36434441 1.03941355 0.07836819
0.78186205 0.14437204 0.02006581 2.89898923 0.81676091 0.24280665
0.74368636 0.07675481 0.01678350 3.52723918 0.90711080 0.15899275
0.63300363 0.19666185 0.02759133 2.24061023 0.97977066 0.05342659
0.60204439 0.05243713 0.02290929 2.25532903 1.02348270 0.11987668
0.72443977 0.17410000 0.01146553 3.97748912 0.94614226 0.19520395
0.75032892 0.10590785 0.02537164 2.60500664 0.84877265 0.16299672
0.67323688 0.13001325 0.01900349 3.13086244 1.07611971 0.02832841
0.65729018 0.08460432 0.02746056 3.75085338 0.82555687 0.06322048
0.76601977 0.18881692 0.01816457 2.48178726 1.05290159 0.13794706
0.70909108 0.10642528 0.02488347 3.10759569 0.95339199 0.23384775
0.61755204 0.15761170 0.01074137 2.62858392 0.87604921 0.09857895
0.64908517 0.09324268 0.01604832 2.86009978 0.92095378 0.01478282
0.72734907 0.14267385 0.02957650 3.40354894 0.99361130 0.18029052
0.79697901 0.06087486 0.01348382 2.02960148 1.08138174 0.20791460
0.67653677 0.16567600 0.02214132 3.73807448 0.85872676 0.10341788
0.67559288 0.12115232 0.01590522 2.23110048 1.06471225 0.15138471
0.79772876 0.15226954 0.02971966 3.50111216 0.84205268 0.04604198
0.72672245 0.07002404 0.01331385 2.87728786 0.93920257 0.07075653
0.64990823 0.19401348 0.02231132 3.35919831 1.01185550 0.23541101
0.61817213 0.05684175 0.02699336 3.15310599 0.97239150 0.17037764
0.70827370 0.17907539 0.01863182 2.61060240 0.89504416 0.03595485
0.76695723 0.09742313 0.02441382 3.98653397 0.80491398 0.12724677
0.65654621 0.12912826 0.01121104 2.28095967 1.03225413 0.20282656
0.67230096 0.08078722 0.02279304 2.64982838 0.86606928 0.22647044
0.75106832 0.18326404 0.01158183 3.11417600 1.09341178 0.09094891
0.72382121 0.11550009 0.02517482 2.49181642 1.00542159 0.05584679
0.60285720 0.15791719 0.01920035 3.77548469 0.92807659 0.13032805
0.63362873 0.09118267 0.01389339 3.72759567 0.88742006 0.21551904
0.74286788 0.13535499 0.02048178 2.00442802 0.96007534 0.11080610
0.78280442 0.06701669 0.01626258 3.38280088 1.05980467 0.02239808
0.69074971 0.16890502 0.02811228 2.85398439 0.83714744 0.18768254
0.69557577 0.06267465 0.01200460 3.88587639 1.01629237 0.10004975
0.78087083 0.16383082 0.02362056 2.35023975 0.94362800 0.20565633
0.74423957 0.09622480 0.01940074 3.22443025 0.85593779 0.18067056
0.62926616 0.13966501 0.02622413 2.50814478 1.07858592 0.01628004
0.61081131 0.11057697 0.02091715 2.99536664 1.03720370 0.09796084
0.71250957 0.15343322 0.01470771 3.27224525 0.80985210 0.23258854
0.76181805 0.08522996 0.02830131 2.14619162 0.90929548 0.14108444
0.66481034 0.18814597 0.01732387 3.61739088 0.98663139 0.06570944
0.65478390 0.10171911 0.02890586 3.49894011 0.91376117 0.02513266
0.77171043 0.13415697 0.01546931 2.76896754 0.99109931 0.16056612
0.70383827 0.05177186 0.02125072 3.64071675 1.08854460 0.19576369
0.61971509 0.17473819 0.01312415 2.12267346 0.86119524 0.12119425
0.63876787 0.07491998 0.01780620 2.38919215 0.82334473 0.05310491
0.73460370 0.19846969 0.02656866 3.84673481 1.04599509 0.15743717
0.79016527 0.11666408 0.01016349 2.71921646 0.95557437 0.24623314
0.68651390 0.14734154 0.02421168 3.01365790 0.88291224 0.08056810
0.68369292 0.07326366 0.02543618 3.57557246 1.02712392 0.11671610
0.79293816 0.19081009 0.01893865 2.15712284 0.80445948 0.19132641
0.73268529 0.12321990 0.02284474 3.28473274 0.90183410 0.16734428
0.64063670 0.15023782 0.01153039 2.95125929 0.97448217 0.03195738
0.62236515 0.10007896 0.01683614 2.55957253 1.01002090 0.08128717
0.70113859 0.12650838 0.02753900 3.20363815 0.93266925 0.24691113
0.77370209 0.05832582 0.01425667 2.33198049 0.84232378 0.15441804
0.65274419 0.17762747 0.02011815 3.93599176 1.06965965 0.05003942
0.66829124 0.11229652 0.01357523 3.05534303 0.82848066 0.01186476
0.75838672 0.16115663 0.02204960 2.70818248 1.05581886 0.17618511
0.71689305 0.07875568 0.01595693 3.83432765 0.96805284 0.21248840
0.60647591 0.18533180 0.02966820 2.43347139 0.89070355 0.10680597
0.62571199 0.06439691 0.02498739 2.07108144 0.92504974 0.06638014
0.74784177 0.17156095 0.01063775 3.66143613 0.99770015 0.14182551
0.77665827 0.08973465 0.02735666 2.78733718 1.09721476 0.22950110
0.69983794 0.13683896 0.01826817 3.44896564 0.87455267 0.09494906
0.68883205 0.09422744 0.02184929 2.29188696 0.97899228 0.13664481
0.78467398 0.14177148 0.01252584 3.94471162 0.90633278 0.06218081
0.74004616 0.05950558 0.02924535 2.56649135 0.81827135 0.08602400
0.63640088 0.16710937 0.01512949 3.16558979 1.04092434 0.22155711
0.60484808 0.08382097 0.01044865 3.33840228 1.07453597 0.18511022
0.72178071 0.18966436 0.02392617 2.92871167 0.84718867 0.01980869
0.75371916 0.10799598 0.01783288 3.55122384 0.94699382 0.11198662
0.66960207 0.15612340 0.02654226 2.21283752 1.02433402 0.21668779
0.66093043 0.05387851 0.01999933 2.84294671 0.87646137 0.24179628
0.76262257 0.17274101 0.02562580 3.42448231 0.95380380 0.07703664
0.71175386 0.10499747 0.01234411 2.04870333 1.05087845 0.04116525
0.61474006 0.13098772 0.02328072 3.71518458 0.82353338 0.14640851
0.64569488 0.11818236 0.02858648 3.79620037 0.86067671 0.20020052
0.73098383 0.14593244 0.01703835 2.44022070 1.08333194 0.12472569
0.79417538 0.07761026 0.02094385 3.06419759 0.99327243 0.03707230
0.67919588 0.19588881 0.01468129 2.66819409 0.92061515 0.17159476
0.67978574 0.05780869 0.02044274 3.41378213 0.80122775 0.21355053
0.79684358 0.17815433 0.01393239 2.82245090 1.02857966 0.10902509
0.72877845 0.10043159 0.02783879 3.69655093 0.97595611 0.02417688
0.64454226 0.12614716 0.01653604 2.03589899 0.89862052 0.18965424
0.61377204 0.12474468 0.01185520 2.46077267 0.93588283 0.22445461
0.70973308 0.14870446 0.02251962 3.80695670 1.00854696 0.08921431
0.76510922 0.07157495 0.01923943 2.68081259 1.06820389 0.05758363
0.66133873 0.19250852 0.02513571 3.08264540 0.84555552 0.13234077
0.67063563 0.08791747 0.01859277 3.95556460 1.05377730 0.16864055
0.75604370 0.13866586 0.02703236 2.31247555 0.83112662 0.03394237
0.71923768 0.06637916 0.01093755 3.18413406 0.89333102 0.12926238
0.60413295 0.16957012 0.02468728 2.57914618 0.96599285 0.20456138
0.63586731 0.07956636 0.02999303 2.90831679 0.99976015 0.14960614
0.73768469 0.18451254 0.01563179 3.32774302 0.92242225 0.04407007
0.78681392 0.11165149 0.02235040 2.20013394 0.87190672 0.07272528
0.68968100 0.16181139 0.01327473 3.53263081 1.09925632 0.23719177
0.69742491 0.10719504 0.02684213 2.68768389 0.90370513 0.05486897
0.77607945 0.15691575 0.01753271 3.04464014 0.98105216 0.15942354
0.74863927 0.08449401 0.02425068 2.42066219 1.04296603 0.24425001
0.62780639 0.18900105 0.01012445 3.81568909 0.81562556 0.07880166
0.60875492 0.06135080 0.01543019 3.67218969 0.84983447 0.02688419
0.71787516 0.16527387 0.02894495 2.09163069 1.07249428 0.16256412
0.75762634 0.09225490 0.01285072 3.46740859 1.02227415 0.19376243
0.66569666 0.14373544 0.02152410 2.79995076 0.94962146 0.11944503
0.65077477 0.07605858 0.01498117 2.17770843 0.95232975 0.09996188
0.77277951 0.19743190 0.02064366 3.58642249 0.87967479 0.23433798
0.70159854 0.11986251 0.01736288 2.96390950 0.82676528 0.13933267
0.62489714 0.14426202 0.02826226 3.30327234 1.04942282 0.06371170
0.64335025 0.10550601 0.02358144 3.19297588 1.08478756 0.10203313
0.73332679 0.13048890 0.01204369 2.53917470 0.85744482 0.20742253
0.79183098 0.05349901 0.02595071 3.91739412 0.91740173 0.17890672
0.68153889 0.17311193 0.01967411 2.31927223 0.99474650 0.01429345
0.68574840 0.09894705 0.01091116 2.75629337 0.83882081 0.06814403
0.78757186 0.12759462 0.02471400 3.48043759 1.06616785 0.14381206
0.73687791 0.05515218 0.01830729 2.10206559 1.01332958 0.22751769
0.63975110 0.18077354 0.02731758 3.62990546 0.93598913 0.09318290
0.62051672 0.06950662 0.02201060 3.86530897 0.89825759 0.01361645
0.70593088 0.19453948 0.01361426 2.40193796 0.97091743 0.17818292
0.76930167 0.12150467 0.02939475 3.02429835 1.03079852 0.21048742
0.65420305 0.15190746 0.01623043 2.73965351 0.80814586 0.10505646
0.66370805 0.06782651 0.02781242 2.36300949 1.09137007 0.08328839
0.75966300 0.16808548 0.01656275 3.90453653 0.86871510 0.24866040
0.71522815 0.09053678 0.02015728 2.52860605 0.93070421 0.15266656
0.61145155 0.13600946 0.01421759 3.23515687 1.00336174 0.04804139
0.62972174 0.11368263 0.01889964 3.25376332 0.96213520 0.11869930
0.74677349 0.15974323 0.02547522 2.98277511 0.88479243 0.19309278
0.77889738 0.08276918 0.01125694 3.60660048 0.83450163 0.16558016
0.69465508 0.18127235 0.02311823 2.12566657 1.06184637 0.02997108
0.69323132 0.08707433 0.01699927 3.09567047 0.94100049 0.19823185
0.78321398 0.18631019 0.02862560 2.63715126 1.01835239 0.12294485
0.74189498 0.10860357 0.01440790 3.76466879 1.08062746 0.03885080
0.63160898 0.15539690 0.02121726 2.47120386 0.85329186 0.17356673
0.60065585 0.09542358 0.02589930 2.01717082 0.81249804 0.23978062
0.72266670 0.14045650 0.01972587 3.74616688 1.03516215 0.07530186
0.75166254 0.06334741 0.02331976 2.87441681 0.98457138 0.04290239
0.67496723 0.16316665 0.01230510 3.39343665 0.91192298 0.14842095
0.65869094 0.11717177 0.02388710 3.51976953 0.98962540 0.18337330
0.76780505 0.14684244 0.01048777 2.24386750 0.91697473 0.01779604
0.70774526 0.07453962 0.02626888 3.36992007 0.86442700 0.11400251
0.61580949 0.19884032 0.01810629 2.89774421 1.08708883 0.21842232
0.64736093 0.05021990 0.01279933 2.59800810 1.04745085 0.13486606
0.72600935 0.17628043 0.02157584 3.13462134 0.82011298 0.06020907
0.79875819 0.10339897 0.01516853 2.26042976 0.87969867 0.08799247
0.67791922 0.13248569 0.02920634 3.97573865 0.95704830 0.22333816
0.67767980 0.10362436 0.02474006 2.73439597 1.03298087 0.01807650
0.79901000 0.13225104 0.01088480 3.02882168 0.80563384 0.18263095
0.72624572 0.05045455 0.02729030 2.40524045 0.89597224 0.21869827
0.64711216 0.17605504 0.01833487 3.86273687 0.97331271 0.11325004
0.61635436 0.07418608 0.01365047 3.62539371 1.01119057 0.05993594
0.70721277 0.19920319 0.02197470 2.10730416 0.93853076 0.13561574
0.76726322 0.11680889 0.01619300 3.48299051 0.84114978 0.22305489
0.65922037 0.14719598 0.02943187 2.75300219 1.06380247 0.08873762
0.67434024 0.06311286 0.01663885 2.13066282 0.83668162 0.12316197
0.75230193 0.16339215 0.02773601 3.60184634 1.05933658 0.19753819
0.72329675 0.09519808 0.01414271 2.97973008 0.95984763 0.17378838
0.60001340 0.14069105 0.02023247 3.25656243 0.88719008 0.03816728
0.63176018 0.10896626 0.02554194 3.23992233 0.92856299 0.07507742
0.74175617 0.15504318 0.01883323 2.52359060 1.00590572 0.24046696
0.78305972 0.08742804 0.02305274 3.90171847 1.09369669 0.14820663
0.69337318 0.18594750 0.01132213 2.36606609 0.86635192 0.04359323
0.69529456 0.08239959 0.02863853 3.39796370 0.98719782 0.24847486
0.77827029 0.18165120 0.01698664 2.86916295 0.90984591 0.08394954
0.74613095 0.11330378 0.02120555 3.74359868 0.81007071 0.04784584
0.63035188 0.16011282 0.01441931 2.02047728 1.03740631 0.15332308
0.61131283 0.09074154 0.01972881 2.47644617 1.07805380 0.19328565
0.71537926 0.13579537 0.02589606 3.76016069 0.85538966 0.11804547
0.75980476 0.06804061 0.01230338 2.63386399 0.94348033 0.03015931
0.66355388 0.16788071 0.02332179 3.09822734 1.01612870 0.16491631
0.65445497 0.12188341 0.01052878 3.97098848 0.88232291 0.14355768
0.76906215 0.15153776 0.02384640 2.26542991 0.95497358 0.06885937
0.70568202 0.06987631 0.01806406 3.13742412 1.04502117 0.09293854
0.62075318 0.19416074 0.02631080 2.59496678 0.82235934 0.22823767
0.63921871 0.05493826 0.02162638 2.89273272 0.86185096 0.17842998
0.73742270 0.18097848 0.01274849 3.37468944 1.08918886 0.01289379
0.78810120 0.09874210 0.02915457 2.24692777 0.99210300 0.10530814
0.68520666 0.12780854 0.01522059 3.51695519 0.91475340 0.20977477
0.68167770 0.05314533 0.01395975 3.07984251 1.07057407 0.23455510
0.79167978 0.17347466 0.02041508 2.68385378 0.84322217 0.09926823
0.73318494 0.10514329 0.01650991 3.81170700 0.93334557 0.06393334
0.64350451 0.13084258 0.02786523 2.45577263 1.01068117 0.13864915
0.62425775 0.12008804 0.02255697 2.03283860 0.97356547 0.20719808
0.70222554 0.14402751 0.01181816 3.69936515 0.90090136 0.10271945
0.77342196 0.07629309 0.02509958 2.82746250 0.80374427 0.01407913
0.65014473 0.19720637 0.01927525 3.40901288 1.02639266 0.17959757
0.66622915 0.09261773 0.02710732 3.53519913 0.87427454 0.15970401
0.75708146 0.14338187 0.01851751 2.19682760 1.09692520 0.05412662
0.71734572 0.06170437 0.02461110 3.32321585 0.99722067 0.07907760
0.60929675 0.16491104 0.01101404 2.91357054 0.92455884 0.24349753
0.62755458 0.08425933 0.01569721 2.58243357 0.89093818 0.16229097
0.74887869 0.18922640 0.02992791 3.18157731 0.96827605 0.02763386
0.77632822 0.10696969 0.01320809 2.30723313 1.05629146 0.11916176
0.69718855 0.15715044 0.02241674 3.96007257 0.82894184 0.19450758
0.68913621 0.11185640 0.01754450 2.80299592 1.02449305 0.03368800
0.78734631 0.16159743 0.02683064 3.46460960 0.94714600 0.16935590
0.73822643 0.07978031 0.01011144 2.08663432 0.84773229 0.20431702
0.63533798 0.18430763 0.02426339 3.67694371 1.07507274 0.12998236
0.60437247 0.06600943 0.02894659 3.81850727 1.04071723 0.04431712
0.71898577 0.16994883 0.01542824 2.41760571 0.81805739 0.14888347
0.75580724 0.08753876 0.02152124 3.03987456 0.90577769 0.23744346
0.67088449 0.13903559 0.01285389 2.69269922 0.97843035 0.07201263
0.66118762 0.07136089 0.02068597 2.31596961 0.91961842 0.10883955
0.76524793 0.19271332 0.01493917 3.91996611 0.99227339 0.21421169
0.70988725 0.12453988 0.02822117 2.54443235 1.08268303 0.18945869
0.61363028 0.14891852 0.01740365 3.18845268 0.86002550 0.02483339
0.64516935 0.10081047 0.01209538 3.30071931 0.82451411 0.08940716
0.72813896 0.12577762 0.02352945 2.96720056 1.05185688 0.22380078
0.79621344 0.05817824 0.01962364 3.59093437 0.95440009 0.13252900
0.68042828 0.17777545 0.02600148 2.17246997 0.87705535 0.05691979
0.67933478 0.07796380 0.01895044 3.93270262 0.84467780 0.07684360
0.79402446 0.19552593 0.02542470 2.33453543 1.06734218 0.24245028
0.73084188 0.11854523 0.01151739 3.20887852 1.00746776 0.14622000
0.64584886 0.14557890 0.02285744 2.55506255 0.93481963 0.04182938
0.61410076 0.10477208 0.02754064 2.94868540 0.89942730 0.12491140
0.71238114 0.13122237 0.01683419 3.28803346 0.97677890 0.19953920
0.76326492 0.05364386 0.02011529 2.16164414 1.02962455 0.17179059
0.66030010 0.17296640 0.01425984 3.57031290 0.80228864 0.03641549
0.67013466 0.10763329 0.02209191 3.45202403 1.09957099 0.06193393
0.75317457 0.15647712 0.01353323 2.78452090 0.87223285 0.13736730
0.72125119 0.08346726 0.02962711 3.65642270 0.92249896 0.22130571
0.60538962 0.19002705 0.01599771 2.07584893 0.99984831 0.08673637
0.63614916 0.05974012 0.01068944 2.43626847 0.96564841 0.02006290
0.74028587 0.16688387 0.02493540 3.83128059 0.89299805 0.18439505
0.78492266 0.09445294 0.01821770 2.70342655 0.83098353 0.21693186
0.68859540 0.14153693 0.02740743 3.06033750 1.05364566 0.11126693
0.69929325 0.08952988 0.01255319 2.21539618 0.94920600 0.17645808
0.77719095 0.13705306 0.02182164 3.54793835 1.02186557 0.01111525
0.74838341 0.06418282 0.01510336 2.92420560 1.07242679 0.10708896
0.62518237 0.17176571 0.02927178 3.34364661 0.84977386 0.21174354
0.60671553 0.07912527 0.02396352 3.16889422 0.81601583 0.14154522
0.71664143 0.18495295 0.01041161 2.56392113 1.04336318 0.06712232
0.75815016 0.11267537 0.02650613 3.93945596 0.98105784 0.09467340
0.66853981 0.16078704 0.01786870 2.29641222 0.90371769 0.23025329
0.65259318 0.05853974 0.02570076 2.66538177 0.99548697 0.19155103
0.77384109 0.17742252 0.01992406 3.06725989 0.91814448 0.11602960
0.70129266 0.10028390 0.02320454 2.44499186 0.85856975 0.03217199
0.62222310 0.12629446 0.01242060 3.79119068 1.08591476 0.16665315
0.64126389 0.12284116 0.01710377 3.71214148 1.04862514 0.24669384
0.73204610 0.15060752 0.02852136 2.05150431 0.82596987 0.08198100
0.79230793 0.07289397 0.01461465 3.42948044 0.87852928 0.04981749
0.68433517 0.19118883 0.02101019 2.83819450 0.95118651 0.15510185
0.68627419 0.11643855 0.02973259 2.27618839 0.80708961 0.16031925
0.79041699 0.14757605 0.01589259 3.99154354 1.02974912 0.02585516
0.73484035 0.07468547 0.02229961 2.61341483 0.97009915 0.12094285
0.63851920 0.19869522 0.01332525 3.15004381 0.89744616 0.19647605
0.62025969 0.05212554 0.01863475 3.35420006 0.93705683 0.15769137
0.70330569 0.17437546 0.02699011 2.88203994 1.01440413 0.05238974
0.77116888 0.10208184 0.01120933 3.50415538 1.06703421 0.08081218
0.65531343 0.13380329 0.02441584 2.22829961 0.83969402 0.24551345
0.66418306 0.08546465 0.01162284 2.85849058 1.06198252 0.20546330
0.76245734 0.18792061 0.02275234 3.37755666 0.83464008 0.10070376
0.71313990 0.11080233 0.01915812 2.00186924 0.88513006 0.01609152
0.61016896 0.15319853 0.02521674 3.73088103 0.96247513 0.18133468
0.62941708 0.09586197 0.02053233 3.78074047 1.00327823 0.23277425
0.74410066 0.14001858 0.01384254 2.48729128 0.93062300 0.09729951
0.78071685 0.06232108 0.02806051 3.11087145 0.86839347 0.06590528
0.69571772 0.16419366 0.01631465 2.65239849 1.09105075 0.14042764
0.69138891 0.06738642 0.02364661 3.62240442 0.91190577 0.09117353
0.78217723 0.16852631 0.01197825 2.14142425 0.98457020 0.22578394
0.74222563 0.09156138 0.02619686 3.26918674 1.03476049 0.13054265
0.63425896 0.13498526 0.01942832 2.99818280 0.81211242 0.05515565
0.60271820 0.11529518 0.01474391 2.51290083 0.85334796 0.11058880
0.72397222 0.15813114 0.02088126 3.21943590 1.08069961 0.21621287
0.75121036 0.08057326 0.01728645 2.34744255 1.01875632 0.18746062
0.67214689 0.18346895 0.02833842 3.88892334 0.94142046 0.02308190
0.65679783 0.09704424 0.01554541 3.00841742 0.95818703 0.04631496
0.76671761 0.12949782 0.02882945 2.72372631 0.88084883 0.15063521
0.70802512 0.05647220 0.01304927 3.85002408 0.82090374 0.23569399
0.61840869 0.17945427 0.02132591 2.38663733 1.04825304 0.07001166
0.64937555 0.07023811 0.02663538 2.11815205 1.08595698 0.03567455
0.72726713 0.19380868 0.01773978 3.64597619 0.86330658 0.17111982
0.79825838 0.12135712 0.02414618 2.77154155 0.91622748 0.20255090
0.67505124 0.15205547 0.01022869 3.49563952 0.98888957 0.12799896
0.67589452 0.06064249 0.02641228 2.97352881 0.93455401 0.13817260
0.79760925 0.16589911 0.01796286 3.25916548 1.00720237 0.06253306
0.72798827 0.09301957 0.02405735 2.13485184 1.06951187 0.09879264
0.64845799 0.14290622 0.01031747 3.60113728 0.84684771 0.23315752
0.61769409 0.10678585 0.01500188 3.89504609 0.80019225 0.18007230
0.70893702 0.15726046 0.02937296 2.36816751 1.02752783 0.01547756
0.76588078 0.08495556 0.01265465 3.24458627 0.97697132 0.10319687
0.65744120 0.18845635 0.02172048 2.52338699 0.89961939 0.20859751
0.67298831 0.10613107 0.01455255 2.39177600 1.00077311 0.24307870
0.75056548 0.12978099 0.02107258 3.87174861 0.92342353 0.07761960
0.72469140 0.05266939 0.01716588 2.74987649 0.87086883 0.05371049
0.60180478 0.17387678 0.02845894 3.01791975 1.09820674 0.15824697
0.63353326 0.07640339 0.02314947 3.47003150 1.05508287 0.19492457
0.74314473 0.19702225 0.01247536 2.76248886 0.83242107 0.12061794
0.78132938 0.11931829 0.02575586 3.64037259 0.89199996 0.02805184
0.69203956 0.14472345 0.01986927 2.09593112 0.96465065 0.16374983
0.69663428 0.12435578 0.02001381 3.12830366 0.85113811 0.12855456
0.77999453 0.14902881 0.01436101 2.60829200 1.07379081 0.20387165
0.74474851 0.07205683 0.02764211 3.98199531 1.02094100 0.16792725
0.62857271 0.19194357 0.01673303 2.25008482 0.94828120 0.03323981
0.60952756 0.05711667 0.01142353 2.23730567 0.90471545 0.07344224
0.71397850 0.17876320 0.02295160 3.52980929 0.98205593 0.23789067
0.76154731 0.10121259 0.01904427 2.90424500 1.04192564 0.15031030
0.66489971 0.12530169 0.02533056 3.35981927 0.81457862 0.04476346
0.65622804 0.07989031 0.01816263 3.74088690 1.08374485 0.02346517
0.77045070 0.18412382 0.02746220 2.02653931 0.85640006 0.18895374
0.70395167 0.11108636 0.01074453 3.39877766 0.91840987 0.21284065
0.61941956 0.16229366 0.02488061 2.86510936 0.99575259 0.10833376
0.63786678 0.08852681 0.02956502 2.63162714 0.95099442 0.05828986
0.73568625 0.13797374 0.01606011 3.10479482 0.87833685 0.13303576
0.78949585 0.06553379 0.02215402 2.47678901 0.82806659 0.22516997
0.68699805 0.17035066 0.01347081 3.75560547 1.05072153 0.08991114
0.68342025 0.09508777 0.01719260 3.31752003 0.89725407 0.11469339
0.79302560 0.14087517 0.02843258 2.91469540 0.96990671 0.21913174
0.73139966 0.06388263 0.01483774 3.54279276 1.03184585 0.18407335
0.64210375 0.16269620 0.02078712 2.19369430 0.80918600 0.01850728
0.62287530 0.08644026 0.02609538 2.30200843 0.83752410 0.08729609
0.70044636 0.18700910 0.01952949 3.96169906 1.06486453 0.22262326
0.77476168 0.10944220 0.02374807 2.58955227 1.01466952 0.13417152
0.65186897 0.15464106 0.01187709 3.17793856 0.93732246 0.05950331
0.66762380 0.05063838 0.02408409 3.79777144 0.96347288 0.03955290
0.75887284 0.17594502 0.01029109 2.46623586 0.88612816 0.17427958
0.71599379 0.10292813 0.02669750 3.09189170 0.83320253 0.19892112
0.60756030 0.13302109 0.01767737 2.67541042 1.06054531 0.12365222
0.62582423 0.11787078 0.01299419 2.81302148 1.09241501 0.04220945
0.74754507 0.14620791 0.02138068 3.41900119 0.86975749 0.14771725
0.77810129 0.07378424 0.01560050 2.04538943 0.92969844 0.23908218
0.69857710 0.19967884 0.02877467 3.69139291 1.00235342 0.07458536
0.68775376 0.06888828 0.01110785 2.53383369 0.81354963 0.15384267
0.78556714 0.19522259 0.02451701 3.20228334 1.03619804 0.04919941
0.73956614 0.12235905 0.01873622 2.32455220 0.98357211 0.08446999
0.63706222 0.15113594 0.02688896 3.90802563 0.91090802 0.24983126
0.60611502 0.09863211 0.02220575 3.58083734 0.94234527 0.16439490
0.72033159 0.12799234 0.01341941 2.18677175 1.01968089 0.02880389
0.75402196 0.05570830 0.02982642 3.30879646 1.07933559 0.11752684
0.66948373 0.18028225 0.01579845 2.95478515 0.85198371 0.19193110
0.65945727 0.11436535 0.02800544 2.08537404 1.04615665 0.22869768
0.76391431 0.15912506 0.01636942 3.68253462 0.81880701 0.09435169
0.71166031 0.08199748 0.02058742 2.80626845 0.88104126 0.06932221
0.61501883 0.18212712 0.01378775 3.45712468 0.95837912 0.14497168
0.64656400 0.06822470 0.01909603 3.03813935 0.98862394 0.20931291
0.72993034 0.16777043 0.02527914 2.69778469 0.91596210 0.10389318
0.79486151 0.09004561 0.01168495 3.82225092 0.86547626 0.01243279
0.67869182 0.13656512 0.02268992 2.41062243 1.08812690 0.17701779
0.68107733 0.10981255 0.01220190 3.67184314 0.97138080 0.19693615
0.79537028 0.15426098 0.02342296 2.06488692 0.89404063 0.12235594
0.72905660 0.08594088 0.01983027 3.43849759 0.80595413 0.02631792
0.64444810 0.18751706 0.02579491 2.79347066 1.03330146 0.16173332
0.61271832 0.06221164 0.02111170 2.71834535 1.06340892 0.24505154
0.71060196 0.16437577 0.01451347 3.04890437 0.84075598 0.07939725
0.76460464 0.09663031 0.02873236 2.42324748 0.94053589 0.05192880
0.66202434 0.13932291 0.01689251 3.84070528 1.01319544 0.15627915
0.67152931 0.07574763 0.02909950 3.21312952 0.88875578 0.18185421
0.75496595 0.19770573 0.01527537 2.55441549 0.96141303 0.01744517
0.71989926 0.11603470 0.02168148 3.92656143 1.05850360 0.10122427
0.60365317 0.14805256 0.01269370 2.33719856 0.83584835 0.20681961
0.63441881 0.10226423 0.01800197 2.16637007 0.86711168 0.13990627
0.73895225 0.13369357 0.02637320 3.57017128 1.09445671 0.06454982
0.78669572 0.05143016 0.01059089 2.94207310 1.00441329 0.09678085
0.68998394 0.17514352 0.02378397 3.29019496 0.92707081 0.23141975
0.69791080 0.05636248 0.01609916 2.44574383 1.03823958 0.05654132
0.77541177 0.17963666 0.02952602 3.78707510 0.81090370 0.13103382
0.74972313 0.09781228 0.01374430 2.66260992 0.90828051 0.22716681
0.62690661 0.12880246 0.02188056 3.07326184 0.98563213 0.09166381
0.60845808 0.12036764 0.02718883 3.42976130 1.01762088 0.02169804
0.71798725 0.15311762 0.01843605 2.83357729 0.94497276 0.18697130
0.75636488 0.07071460 0.02484152 3.70984455 0.85462965 0.21482817
0.66713906 0.19340486 0.01078365 2.05801171 1.07729404 0.11009667
0.65086283 0.09174348 0.02299064 2.93527252 0.82203876 0.07145497
0.77250746 0.13487583 0.01138453 3.32836159 1.04470088 0.23612752
0.70306573 0.06669077 0.02560405 2.20633771 0.95690520 0.15207764
0.62361165 0.16929463 0.01877081 3.56132556 0.88425482 0.04674569
0.64265854 0.08163570 0.01408763 3.95102832 0.91274853 0.12655750
0.73383747 0.18247918 0.02028723 2.28160213 0.99009787 0.20211919
0.79095600 0.11489165 0.01669395 3.15933412 1.08958267 0.16967554
0.68259872 0.15860735 0.02768122 2.57683721 0.86224451 0.03524200
0.68448891 0.08328486 0.02141976 2.01385835 1.00867631 0.04046108
0.78901624 0.19013678 0.01295507 3.72237759 0.93134043 0.14571512
0.73658290 0.10832867 0.02904805 2.84449302 0.84361599 0.24107931
0.63986503 0.15570906 0.01532709 3.38795791 1.07096761 0.07633774
0.62159941 0.09339078 0.01001759 3.12336219 1.02607207 0.03778560
0.70502993 0.14252642 0.02435754 2.64436617 0.80342399 0.17229732
0.76978643 0.06014397 0.01763833 3.76623746 0.90283297 0.20090835
0.65353426 0.16640735 0.02673651 2.49721760 0.97549739 0.12541541
0.66283113 0.11865468 0.01956857 2.62107045 0.92605101 0.08530864
0.76072090 0.14539679 0.02605626 3.14697251 0.99871312 0.22086027
0.71453456 0.07719546 0.01215047 2.27055265 1.09616517 0.13593859
0.61196034 0.19622161 0.02347466 3.99272848 0.87351479 0.06148582
0.63119015 0.05463364 0.02815908 3.51133607 0.82977512 0.11269650
0.74548921 0.17190396 0.01746605 2.22472285 1.05712443 0.21737912
0.77898651 0.10429585 0.02074808 3.34903544 0.96671065 0.18582192
0.69438410 0.13162593 0.01487675 2.88372651 0.88937247 0.02050919
0.69272863 0.09922146 0.02500573 3.85323462 1.07583249 0.21132466
0.78390148 0.12728423 0.01936941 2.37909042 0.84849232 0.10563100
0.74084319 0.05894327 0.02265080 3.00709706 0.94565356 0.01069917
0.63247979 0.17694632 0.01172403 2.72925715 1.02300088 0.17500100
0.60093293 0.07271187 0.01640843 2.77522321 0.97999606 0.23067035
0.72257147 0.19129826 0.02796640 3.48859425 0.90734309 0.09612951
0.75295292 0.12353680 0.01406120 2.11635676 0.81722442 0.06754022
0.67349272 0.14983920 0.02031392 3.65100158 1.03988395 0.14300414
0.65857091 0.06517230 0.01314600 3.27782941 0.85963196 0.16617664
0.76810617 0.17070357 0.02247914 2.98630240 1.08228922 0.03077166
0.70629478 0.08905339 0.01575933 3.61186774 0.99427853 0.11555397
0.61707507 0.13745688 0.02986550 2.15531690 0.92162329 0.19015350
0.64802363 0.11278508 0.02455602 2.35557978 0.87512343 0.15557652
0.72553069 0.16060466 0.01106881 3.87656801 0.95246848 0.05121599
0.79965303 0.07835724 0.02716241 2.50286579 1.05217716 0.08245848
0.67684263 0.18564830 0.01846272 3.23379967 0.82483470 0.24809319
