# h        omch2      ombh2      ln(10^10*As)    ns    tau
0.73061941 0.07720991 0.01595837 3.65159738 0.89763971 0.19778589
0.78311220 0.10678130 0.01103144 3.19100710 1.04628694 0.22556013
0.69588246 0.15682724 0.02692459 3.98307777 0.85043415 0.11445663
0.76308257 0.06873258 0.01014124 2.21378480 1.08619464 0.16288732
0.73230303 0.05472927 0.02840256 3.86616444 1.05955350 0.02800074
0.62125635 0.08171521 0.01321569 3.35842190 0.90619538 0.07540274
0.65646391 0.14231866 0.01513597 3.02721046 1.00518019 0.16760451
0.61515239 0.20090857 0.01168313 2.95875474 0.98057039 0.17353799
0.76988129 0.04561944 0.02697938 2.91258355 0.98367434 0.16227473
0.68025030 0.16817849 0.02191969 3.58686370 1.01918208 0.16306158
0.63974428 0.14884888 0.02538817 1.95077142 0.82852285 0.22061521
0.66144538 0.04836009 0.01569873 3.59500725 1.04046511 0.14011134
0.72269522 0.05560117 0.02107748 3.46071281 0.82129685 0.08703322
0.62591923 0.15916416 0.01524452 2.60965204 1.07970976 0.10116711
0.66873492 0.17251719 0.01450313 2.86100448 0.86886653 0.17418034
0.70543604 0.17193787 0.03070192 2.77621665 0.84077694 0.02041344
0.70527098 0.19320516 0.02809951 2.47709509 0.93567107 0.19752367
0.62927643 0.16141171 0.01123538 2.01187388 0.90348280 0.01541505
0.60750501 0.12139900 0.01516076 3.99896836 1.08858053 0.22201826
0.60189995 0.04467974 0.02931861 2.94555090 1.10517529 0.03820710
0.74530414 0.12639248 0.02398009 3.51102038 0.98670724 0.11656733
0.77029595 0.16321581 0.01400554 3.69139143 0.88845971 0.24081245
0.65308089 0.09167519 0.01245121 4.09575917 0.82069313 0.06223818
0.67746974 0.07295107 0.01158522 2.59628749 1.06661827 0.14180389
0.80917159 0.11864148 0.02824263 3.08787558 0.84447984 0.22802039
0.69650919 0.09417886 0.01609388 3.26260691 0.82463582 0.00449556
0.73797801 0.07904818 0.00943659 2.39458895 0.84599507 0.11376904
0.66572472 0.09886058 0.01150070 3.58295790 0.82496482 0.25699052
0.78531962 0.19267509 0.02416013 1.94250056 0.81962792 0.07117791
0.69187441 0.05908952 0.01657624 3.44161576 0.91937612 0.08105359
0.66980812 0.14322038 0.01478333 2.75586930 0.94913952 0.22112514
0.74533354 0.19662927 0.01341859 2.96991511 0.95406639 0.13727583
0.59533586 0.07765909 0.00990938 3.42036315 0.97674283 0.17026752
0.73649580 0.04454769 0.03097256 4.06959692 0.80472242 0.20043694
0.68320448 0.17638327 0.01695009 2.80754282 0.78816192 0.23690290
0.65717762 0.15462413 0.03068679 2.15657897 0.94881592 0.15562529
0.61248986 0.16093921 0.02127916 2.74822309 0.88564581 0.01227526
0.76687892 0.14768994 0.02720553 3.96959660 1.09978750 0.02873186
0.73328263 0.05890834 0.01056635 3.18017560 1.01070879 0.08799092
0.69792542 0.14147561 0.02284900 2.13966137 0.98933069 0.22956651
0.64816301 0.13362616 0.02653917 3.96092550 0.91326209 0.13257011
0.79868948 0.05710431 0.02047554 3.55026374 0.90309952 0.24624281
0.62102274 0.05131072 0.02854221 1.91561556 1.06626532 0.03351742
0.64557483 0.11783498 0.02453868 2.95721842 1.06280534 0.22161711
0.63509342 0.09914818 0.02001365 3.77531369 0.79116686 0.10593211
0.69063758 0.07051718 0.02027310 4.09153340 0.94795153 0.07146652
0.67240578 0.16192562 0.03081834 2.12529575 1.02538922 0.03870405
0.68849416 0.13662512 0.01949654 3.33527571 1.01192231 0.21245973
0.61549575 0.19802505 0.03058591 3.15457527 0.97284579 0.18627017
0.66190210 0.20654506 0.02852345 2.64403397 0.82886119 0.01745913
0.62292856 0.18037943 0.02979929 3.40058696 0.80601929 0.03450976
0.77130969 0.17724128 0.02780496 2.02853216 0.86399225 0.25506954
0.68139304 0.20410051 0.01629021 2.70341164 0.84279225 0.00674790
0.68346550 0.20171347 0.01499504 3.96443359 0.96283582 0.08690184
0.60045120 0.12133270 0.01667781 1.99385465 0.87550033 0.25119793
0.59052042 0.06084081 0.02111655 3.37750314 1.08484616 0.18024474
0.64006562 0.12933606 0.02169528 3.49699059 0.84034899 0.15407938
0.67522704 0.16369339 0.03080138 3.85238790 0.94716103 0.04699876
0.72538973 0.18087373 0.03018203 2.56326985 0.90511938 0.23169914
0.65846614 0.04576002 0.01923873 4.06402282 1.05850733 0.21616492
0.74927244 0.08664099 0.01037900 2.85493095 0.81314317 0.21550141
0.77555961 0.14049286 0.01014782 2.99763399 0.97433430 0.05853783
0.79842285 0.08778330 0.02280729 3.52520515 0.99718997 0.07904154
0.69333190 0.19938610 0.03088740 2.40016627 0.95982719 0.04091993
0.65920742 0.14623597 0.00972873 3.44722683 0.82436733 0.15479820
0.72733033 0.15423099 0.01252213 2.44694069 1.07678534 0.13603289
0.74607102 0.05815427 0.02726024 3.38557510 0.92851162 0.13895679
0.75577181 0.16278672 0.02070810 2.05573378 0.92960042 0.10629249
0.77076367 0.05170154 0.01548389 2.20094928 0.79950973 0.00346575
0.72833823 0.06528422 0.02315852 3.43975246 0.94301742 0.23930240
0.61669671 0.04377290 0.01428220 2.58240009 1.04496715 0.21361873
0.75943363 0.05669980 0.01736687 2.62434496 1.09278182 0.04435236
0.71171555 0.14824974 0.02253878 3.67682771 0.81176329 0.12830333
0.67599200 0.11710711 0.02193651 3.49364581 0.84485018 0.18741605
0.75545456 0.12175670 0.01205915 2.74487214 1.04557554 0.10348648
0.63104239 0.06512332 0.00960984 3.87460550 1.04903653 0.01706467
0.62347571 0.16502010 0.02249443 3.34744573 0.91770528 0.07596038
0.75806503 0.11837867 0.01170205 3.00303563 1.06457638 0.24168276
0.73864724 0.09244186 0.02831914 2.93821741 0.98133720 0.05959134
0.70812066 0.17228286 0.02656202 3.40830591 1.08330669 0.13957973
0.64028843 0.17138908 0.01813099 3.43220638 0.84183820 0.22693151
0.74678541 0.07487293 0.02769456 2.88346539 0.90338532 0.02406802
0.62581000 0.20201443 0.01604933 1.90549216 1.07427114 0.00793731
0.63881740 0.07508672 0.02936445 4.08182515 0.95290759 0.24757914
0.68626930 0.19228181 0.02288664 3.50866211 0.78620238 0.11359045
0.68759225 0.07669299 0.01846540 3.47218631 0.96833597 0.11575110
0.71815802 0.17436211 0.02753623 2.19775945 1.11085728 0.21090232
0.80276129 0.13747734 0.03074583 3.68392394 0.99199415 0.00144097
0.59554895 0.12619990 0.02957252 3.27407065 1.00897539 0.24451255
0.76108769 0.19098196 0.01785579 2.68135000 1.00334146 0.23573934
0.74461488 0.13958969 0.01867835 2.52075837 0.81845086 0.12475614
0.78139724 0.13149966 0.01750155 2.46708712 1.08801351 0.13537855
0.70309697 0.18703291 0.02201381 3.88407989 1.02027827 0.22449114
0.76164007 0.08989895 0.02522518 1.97320678 0.92024524 0.24774401
0.63076049 0.18505776 0.02346590 2.39879548 1.07614804 0.18844279
0.67130512 0.20499951 0.00919285 2.57497445 0.96999705 0.08371636
0.64258237 0.12334969 0.01337343 2.49486842 0.96756826 0.00662224
0.74112305 0.15969372 0.01217176 3.52596266 0.87506131 0.20149930
0.74135544 0.08504255 0.02408579 2.35805311 0.97231739 0.16367878
0.71503428 0.13692581 0.02533560 2.06894216 0.99869621 0.05734567
0.65931785 0.16218069 0.02847533 3.63357184 0.79381511 0.10884961
0.64591357 0.04952544 0.03012690 2.58118819 1.04805912 0.13005715
0.62870263 0.18776795 0.02999751 2.99415287 1.04272707 0.07180888
0.60818865 0.11935701 0.01674105 3.29609655 0.87816286 0.14190649
0.79387713 0.18116366 0.01900847 3.83434091 0.89505642 0.16714858
0.77971745 0.12053311 0.02314230 2.85707000 1.01083630 0.24589191
0.65315814 0.10077810 0.01527561 2.14448722 0.78507207 0.19691296
0.64223889 0.20733785 0.01431359 1.96300902 0.90720891 0.11743657
0.61759977 0.09829062 0.01574547 3.16374884 0.89056935 0.24881943
0.60142212 0.16727242 0.01505940 2.35259563 0.98484277 0.21671710
0.75765576 0.06427202 0.02428239 3.40280217 1.05156132 0.14679892
0.66920012 0.10279105 0.02658659 2.19307227 0.83031209 0.07439720
0.69164027 0.15343027 0.01390612 3.27258328 1.00065992 0.16035913
0.61992276 0.07747326 0.01531359 3.17555369 0.83351095 0.15983568
0.68962269 0.15995982 0.01163655 3.99035984 0.96300985 0.20885012
0.79683909 0.08423657 0.02978238 2.38600410 1.08029855 0.14116217
0.60300027 0.11110036 0.02558108 3.30403331 1.04234379 0.03214956
0.65249945 0.06460047 0.01805929 2.13607516 0.86072220 0.23609534
0.77301670 0.14585017 0.02209170 2.74181015 1.00919620 0.11732611
0.68407362 0.07159559 0.02879922 2.75042946 0.79001513 0.22558668
0.69503641 0.09386644 0.02956493 2.63935465 0.81160282 0.09993623
0.65996936 0.10361883 0.01485467 2.77873679 1.06073524 0.09317754
0.70230686 0.19035449 0.02873840 2.41927757 0.95994494 0.16927749
0.79597657 0.10718238 0.01302802 3.99300392 1.07585313 0.10654044
0.66530257 0.19947005 0.03028454 3.89540633 0.90830885 0.03563934
0.60930989 0.15165115 0.02845099 1.98239647 0.89723285 0.03596240
0.74628426 0.19469745 0.02367462 3.96358727 0.84047559 0.08941005
0.71723349 0.04601547 0.01581783 3.74832198 0.93949148 0.17702079
0.68986099 0.14478399 0.01301107 3.03404415 0.92114444 0.20795169
0.71241827 0.06403902 0.02965302 3.84662313 0.97889562 0.07673235
0.78366025 0.18136572 0.01617447 2.46128846 0.92790955 0.22513183
0.80740587 0.13850330 0.02085362 3.78854241 0.95768264 0.01937416
0.60433814 0.16442941 0.02871671 2.06426277 1.05226151 0.05885090
0.72633677 0.12832412 0.01360764 3.07846824 0.83634526 0.14755428
0.77647998 0.11426428 0.01189586 4.03464325 0.88127741 0.02699440
0.65667036 0.07404051 0.02699936 3.06365571 1.05032387 0.13518213
0.64196629 0.09164707 0.01001549 2.06184890 1.03760441 0.22313932
0.80959947 0.09800146 0.01355099 2.40689551 0.97474482 0.02087827
0.70958656 0.18075597 0.01739281 3.66609440 0.82996398 0.17281571
0.63924907 0.06501958 0.01594987 3.09141393 1.10240245 0.13046082
0.69958929 0.20454830 0.01279146 3.80922627 1.03297714 0.13287937
0.69137526 0.07997862 0.01775100 3.15353597 0.91214334 0.12257011
0.79798154 0.12416605 0.01350654 3.21232769 1.01559577 0.23071928
0.73578372 0.07565156 0.01017190 1.98691904 0.93119517 0.25730199
0.60085840 0.11397771 0.02904198 4.08418590 1.08584336 0.15304150
0.59159067 0.07283822 0.01173786 3.51271263 0.83475617 0.19603564
0.80129764 0.05290137 0.02420152 3.44235961 1.08453962 0.19839975
0.60114509 0.15717290 0.01051198 3.51797822 0.90913029 0.22229573
0.64707796 0.07930344 0.02176953 3.18790658 0.83219069 0.09168210
0.80045812 0.07830406 0.01323197 3.86982804 0.97804857 0.06924017
0.77518221 0.14154623 0.01164264 4.02199490 0.96331235 0.15373035
0.63329823 0.18878283 0.01492309 3.00512933 1.08413204 0.22341965
0.65007248 0.11675873 0.01375348 3.38148977 1.02357003 0.19811399
0.69578213 0.08058667 0.02793098 3.69339381 1.03569072 0.14962448
0.66647881 0.19911035 0.02906950 4.05769015 1.10336096 0.02934398
0.59421896 0.14985715 0.01212600 2.08422916 0.87397410 0.21584732
0.61924762 0.17707432 0.02599242 3.88582902 1.02993058 0.02529343
0.61959354 0.11342768 0.01641549 2.42218429 0.94616458 0.12396314
0.59995761 0.09068254 0.02211867 2.65515121 0.84142258 0.21525113
0.65288956 0.16520712 0.01105716 2.14002147 0.95743222 0.18503706
0.73453985 0.11698114 0.02507070 3.57929288 0.88192099 0.02439797
0.67709295 0.19395026 0.01645933 2.35069352 1.09315946 0.15846400
0.79203685 0.16555805 0.02638956 2.91103164 1.07646182 0.21977371
0.63655655 0.09947727 0.02431106 2.00529695 0.83888122 0.01078833
0.72861459 0.19831710 0.00987196 2.17320511 0.92295801 0.01952088
0.72182403 0.18055662 0.02475459 1.92965846 0.81246453 0.01841653
0.60706939 0.07225236 0.01978033 3.67205273 0.80940691 0.12270177
0.76936212 0.16902126 0.03026563 2.83328792 0.91498074 0.15325666
0.76183340 0.10933280 0.00995397 3.11268218 1.04788699 0.10185652
0.73198307 0.15870408 0.02086622 3.79322373 0.98522728 0.17689767
0.71399603 0.14996853 0.02215235 2.70620774 0.96686002 0.07203069
0.75326970 0.08291919 0.01296699 2.98292103 1.11134786 0.20021540
0.70126112 0.15400449 0.02983880 3.86715224 0.95619812 0.08876063
0.73268755 0.10445194 0.01676609 2.04180393 0.84958346 0.04189367
0.67291973 0.11297880 0.01551938 2.05337209 0.94093353 0.12927892
0.73010977 0.10107821 0.01806562 3.55552536 0.85247161 0.15540805
0.78471692 0.08860555 0.02813058 3.02461004 0.78866317 0.18129839
0.66769466 0.18755457 0.02035389 1.99994474 1.08057152 0.08989638
0.63589636 0.09109562 0.02180152 2.97648385 0.96088129 0.19058216
0.71691792 0.05925664 0.01543862 3.19408602 1.04034157 0.15964680
0.68080701 0.14369852 0.02619400 3.92637093 1.06824639 0.02209825
0.59526168 0.11199981 0.03036793 3.42745996 1.02845374 0.00839512
0.68913348 0.11119786 0.01380009 3.81431832 0.89972131 0.20471526
0.69846536 0.10966225 0.01840126 1.98027261 0.88435868 0.22372918
0.59466890 0.10160946 0.02851022 3.98724855 0.98981606 0.09748040
0.77848859 0.10331619 0.02126197 2.53561783 0.78745619 0.11611552
0.67621389 0.20343098 0.01059823 2.81033027 0.83781535 0.07389027
0.75964291 0.18752868 0.01390263 3.16935305 1.00835451 0.12463333
0.78934573 0.07590151 0.00984261 2.32177762 1.06027223 0.24965421
0.76492968 0.12373089 0.02366251 3.63641210 1.03260438 0.16510008
0.75496324 0.05256039 0.02505097 3.00710425 0.87525622 0.10265436
0.71470459 0.09136481 0.01761320 4.07631972 1.03179352 0.19901108
0.59146778 0.11224037 0.01152897 2.44986371 1.04602743 0.23851949
0.71058814 0.10153942 0.01567005 3.56510120 1.03908177 0.14241619
0.71926152 0.04630330 0.02595476 2.03457302 1.04988189 0.21941500
0.73403700 0.09311373 0.01358055 3.93077970 0.81628654 0.09554449
0.71343275 0.17516768 0.00935140 2.81691775 0.81219266 0.16113867
0.59731322 0.14396284 0.02859414 3.78566835 0.89026534 0.11321916
0.72903715 0.16348706 0.00936702 3.18108761 0.80362782 0.05645652
0.63178617 0.18901734 0.02961343 2.09828112 1.05264962 0.12170795
0.79006484 0.09991728 0.02447427 3.09519626 0.99628661 0.14399639
0.61113109 0.05857922 0.01137252 2.76863019 0.90956881 -0.00116609
0.71324213 0.19788756 0.01099584 2.96527106 0.84701714 0.19643285
0.61146957 0.16648556 0.00980752 3.61184759 1.08155672 -0.00015354
0.67413703 0.07533990 0.01725915 3.97935595 0.87345591 0.24004913
0.68788761 0.18404723 0.01211705 3.30655944 1.05653126 0.10249693
0.63027770 0.12036052 0.02034698 3.05980890 0.91247352 0.20625367
0.60529391 0.08878651 0.01238425 3.41526467 0.87053667 0.13565095
0.64892984 0.18538530 0.02767026 3.37063215 0.91156187 0.24941527
0.78440831 0.10231903 0.01681706 3.75331931 1.08076435 0.16962631
0.69641621 0.05663179 0.02354247 4.05545218 1.07279904 0.09920111
0.75899959 0.06363634 0.01633487 2.81813569 0.78768345 0.24280400
0.67625134 0.12803095 0.01118373 3.75561705 1.06396555 0.04065463
0.62446356 0.05220484 0.02491959 3.89131062 1.01291558 0.20446959
0.70218268 0.08379600 0.01374589 3.41277562 1.07321791 0.06973832
0.61156068 0.14429500 0.01282654 3.05331210 1.04725988 0.00743910
0.78182421 0.13134711 0.01817780 3.01399837 1.00446295 0.16169172
0.75161214 0.16054896 0.01274464 2.66721328 1.01648363 0.00716566
0.63896894 0.18208395 0.03022331 2.29158113 1.01399092 0.21292538
0.72812841 0.05192455 0.02388539 3.23967839 1.10432265 0.04476060
0.77400982 0.19019228 0.02679374 3.54943044 0.96202280 0.10462717
0.63697926 0.04729373 0.01714119 2.07331885 0.87704249 0.14696955
0.79081729 0.10060100 0.02398558 3.61969070 1.07838542 0.25638937
0.62631532 0.12350653 0.02817330 3.87253677 0.99380019 0.01872695
0.73956978 0.19199987 0.02764090 2.12716514 1.00444247 0.19925739
0.67817799 0.17937218 0.01310728 2.93884510 0.85017199 0.07950624
0.60073008 0.07264959 0.02300684 3.76247914 1.11273790 0.00547305
0.74186767 0.10201326 0.02119424 2.00766967 0.95327556 0.04924537
0.72943732 0.09358650 0.02022332 3.55743481 1.00574519 0.23477489
0.74880881 0.19500423 0.02844273 2.95198801 1.10777889 0.11022646
0.78829683 0.11562878 0.01817370 3.60411081 0.84759364 0.17587296
0.61877280 0.09131594 0.02331499 2.55864336 0.83773426 0.25762049
0.62177592 0.15773745 0.01178130 2.69826071 0.93652318 0.02981583
0.59725067 0.06962231 0.01869633 3.65399186 1.02711210 0.00875180
0.77904549 0.04981732 0.01413238 3.20663733 0.80324023 0.18337036
0.77695826 0.20389207 0.02124748 1.92386438 1.07794154 0.19128635
0.70847172 0.19198479 0.02803351 3.07933136 0.94744580 0.08975555
0.77311626 0.19537801 0.02277943 3.32837667 0.83524254 0.11121794
0.71628105 0.13891474 0.01902552 1.98509326 1.01682293 0.21633763
0.67678521 0.11810595 0.01639510 3.03860828 0.82360296 0.04335329
0.70196960 0.07021473 0.01418665 3.25142700 1.03592840 0.13317956
0.66720857 0.15791295 0.01125904 2.48500862 0.99293247 0.24319253
0.76699243 0.09961359 0.01912026 2.61243572 0.88611695 0.25842865
0.78604758 0.18022060 0.02745162 2.73308254 0.87145918 0.26034977
0.72445802 0.12515988 0.03042270 3.58825997 1.05711604 0.03945772
0.72017035 0.20635259 0.02996876 2.65109995 1.04534245 0.14812701
0.63146305 0.16122063 0.01338496 3.71328827 0.86491501 0.25919270
0.80239449 0.10245070 0.01247630 2.80591768 0.84009903 0.17642538
0.59318892 0.04667226 0.01946782 2.04043399 0.86944313 0.00019002
0.60993791 0.11978895 0.02421354 3.05189889 0.85672834 0.20270479
0.80646061 0.06335786 0.02153181 2.18670797 1.06138062 0.08849638
0.72220470 0.20430752 0.01509784 2.28182092 0.86039387 0.13759527
0.59236944 0.09035877 0.02217367 1.98816515 0.99566573 0.21853913
0.76048502 0.07648589 0.01520171 2.89250058 0.94991182 0.16269995
0.68270122 0.11060165 0.01134274 3.69562009 0.84239246 0.19571999
0.71660733 0.04301803 0.01909392 2.34789862 1.10731139 0.00505831
0.78748493 0.10825035 0.01687996 3.18640579 1.01769284 0.12537197
0.60760942 0.05453606 0.02465113 3.49745969 0.85769299 0.03908641
0.74658237 0.07919286 0.02450837 3.96739177 0.82597016 0.07965187
0.79498466 0.19151047 0.01205417 2.16361904 0.99933994 0.02715467
0.72554681 0.08844355 0.02394928 3.26959150 1.05304591 0.19344324
0.77821309 0.17392432 0.00911177 2.39139530 0.95819150 0.02659465
0.73041050 0.17539810 0.01645022 3.84062111 0.85732492 0.06675445
0.66049328 0.09488578 0.01199575 3.92365640 0.91074004 0.03285632
0.74351645 0.07197812 0.01834878 2.70828381 0.82038936 0.12139347
0.66889008 0.14697879 0.01277320 2.37520693 1.10357524 0.15631341
0.75213909 0.14289467 0.02092540 2.71097534 1.09456453 0.03851087
0.61856105 0.10025387 0.01022423 2.33919992 0.84429311 0.09469198
0.71000410 0.14341595 0.01954548 2.23046040 0.87614629 0.00198930
0.76760079 0.07837451 0.01958747 3.51986555 0.92079799 0.19945939
0.80527908 0.15618435 0.02785631 2.17011294 1.01762167 0.05229639
0.74488424 0.16983864 0.02552839 3.56866270 0.98608100 0.02335945
0.75814825 0.06215697 0.02049265 1.95378525 0.83449446 0.19487045
0.69002518 0.15122235 0.00967652 3.91752392 1.09668006 0.16745203
0.68538861 0.18487828 0.01615908 1.93824244 0.88356774 0.07834747
0.67873804 0.12871479 0.02808838 2.48599756 1.09740593 0.15294018
0.67430796 0.14126583 0.02670957 2.33286195 1.07065551 0.15528330
0.68429595 0.07431033 0.01025049 2.87421235 1.06111923 0.06554455
0.65243422 0.13714640 0.02390672 2.89897615 0.88092838 0.15816009
0.63395259 0.17904067 0.01982757 3.32671554 0.82407114 0.07572683
0.66202149 0.11362398 0.02518145 3.54566869 0.93306294 0.16397364
0.69478631 0.17947270 0.01876197 2.16761205 0.78578260 0.01675117
0.60541031 0.10582544 0.02143363 2.79792851 0.98028753 0.11151676
0.63438695 0.07066319 0.03035130 2.40376875 0.98455493 0.11845758
0.73360218 0.04383939 0.03032482 2.36286826 0.87430443 0.16215482
0.74938798 0.14841230 0.01984910 3.31213043 0.82246694 0.13224424
0.76582415 0.18316980 0.01304829 3.39893662 0.87193156 0.18949690
0.68059009 0.12668305 0.02116056 2.35710652 1.05808046 0.17324621
0.70255345 0.13067354 0.03073236 2.88672579 0.93184281 0.07371227
0.59894792 0.14170754 0.01101164 3.65756252 0.86770188 0.05160383
0.59398681 0.12607749 0.02467551 2.67847806 1.09705113 0.16637047
0.74763688 0.17486532 0.01764283 3.50464196 1.02807120 0.05980808
0.70488638 0.09874227 0.01888093 2.02748235 0.80075014 0.02265892
0.69842954 0.19077587 0.01427630 2.82376880 0.97498199 0.24048104
0.70789175 0.09640802 0.02433928 2.20397561 0.83730358 0.05265057
0.79952168 0.04928634 0.02583755 3.20085370 0.93400013 0.04865818
0.64654336 0.16303182 0.01271816 2.27930076 0.95850031 0.12056555
0.61634726 0.06689163 0.01963910 3.08411410 1.10765696 0.09712319
0.80842653 0.08538410 0.01534690 2.77320902 0.80426026 0.01350870
0.74301523 0.09737161 0.02923954 2.22863516 0.79086944 0.26126884
0.70378641 0.07245500 0.01063551 2.41844805 0.88022157 0.02307537
0.65786737 0.10994243 0.01542066 2.71967489 0.90178535 0.05208015
0.68521184 0.09661399 0.01779038 3.59660651 0.96562451 0.15681591
0.80362807 0.13224393 0.02668543 3.56656062 0.82370890 0.18975312
0.65079609 0.17079555 0.01342234 4.03793611 0.83210155 0.11492201
0.66370620 0.04431810 0.02309350 2.86206200 0.79654394 0.06840410
0.69382155 0.15534227 0.02592379 3.73338398 1.08951772 0.19674032
0.66998706 0.13476142 0.02748756 3.17631942 0.97835981 0.01813379
0.74707985 0.17356017 0.02939143 3.91398122 0.91016801 0.13156919
0.64786297 0.05799880 0.01560507 4.00612348 0.79187907 0.19179909
0.66692475 0.06589244 0.02526683 3.78170096 1.03202591 0.09634238
0.73933277 0.14973278 0.01395071 2.49231572 1.07250700 0.20076762
0.68562709 0.14694458 0.02184258 3.89491824 1.10947393 0.13458467
0.68238729 0.06564386 0.02045422 1.95575208 0.84159582 0.09651425
0.66913070 0.08627951 0.02443466 4.03366785 0.89909645 0.12690009
0.75382458 0.17876593 0.01791837 3.21429764 1.04652361 0.14300566
0.78251872 0.12447637 0.03010215 3.41687500 0.85172893 0.06479538
0.68016005 0.20220903 0.02664467 3.93845947 0.95631550 0.13912836
0.72428217 0.14744637 0.01345117 2.66123795 1.02083320 0.01442117
0.62203620 0.12400830 0.01564310 2.86385020 0.94816385 0.09177041
0.64497796 0.05991775 0.00950664 2.78833000 0.85164746 0.24387296
0.69742902 0.07752994 0.01045372 2.60258014 0.88815208 0.13427044
0.62034090 0.18914575 0.01576008 1.92631552 1.09206047 0.07241379
0.76372584 0.19751432 0.01809928 2.92314440 0.86635274 0.14335047
0.76553346 0.06253029 0.02357485 2.54219850 0.79788686 0.14231072
0.78012873 0.05691784 0.02572362 2.48784386 0.99007480 0.01012035
0.70055658 0.10920813 0.01283521 3.67836490 0.91345360 0.04506067
0.78004538 0.13567259 0.01944510 3.35316603 1.06577206 0.07047771
0.80104435 0.09675068 0.00956494 2.57606683 0.81505095 0.23644356
0.76116889 0.20178886 0.00962358 3.30810606 0.90655603 0.09792409
0.68478255 0.17253650 0.02275046 2.94842790 0.88253451 0.08121140
0.79465492 0.16949063 0.01718511 3.03537646 0.98781670 0.12080028
0.79044352 0.20712407 0.00910261 3.89941438 0.88506950 0.08067863
0.77794236 0.16753578 0.01733688 3.00964816 0.97365173 0.02478247
0.63236208 0.10658056 0.02773377 2.29999199 0.80952480 0.17609236
0.60414713 0.09620998 0.02342871 2.33664683 1.00405216 0.23117019
0.66220278 0.13609558 0.02139751 3.05832967 0.91806839 0.08815530
0.59638440 0.09453618 0.01757768 3.12968871 0.78920577 0.11004096
0.59864859 0.09821745 0.01586440 2.21708920 1.11448963 0.16125247
0.72112089 0.08155123 0.02117539 2.51802559 0.83552469 0.22240144
0.75116984 0.19296929 0.01317037 2.89216457 1.08204861 0.25454053
0.70012716 0.17280032 0.02612696 2.82412669 0.86815728 0.20996964
0.75299631 0.20040277 0.01717635 3.97219214 1.01153022 0.25895720
0.69900884 0.11023229 0.02648243 3.58458493 0.82143293 0.17730711
0.72681405 0.15302545 0.02451454 3.27946975 0.91758877 0.18467426
0.62761268 0.16861523 0.01822652 2.85035283 1.08245678 0.14280769
0.74842574 0.13402647 0.01453190 3.19925831 0.85920256 0.23894183
0.73026387 0.13498054 0.01821793 2.84701922 0.85994447 0.19391839
0.78102353 0.19605899 0.02464034 3.95449159 0.81367109 -0.00049946
0.60571674 0.18999604 0.02559407 3.14405736 1.07180560 0.02309623
0.69931708 0.20069602 0.02614737 3.23339859 0.89687731 0.08242855
0.67965371 0.17765490 0.01181727 3.53221680 0.92997544 0.18582928
0.72784258 0.10688838 0.01631588 2.86844530 0.90577329 0.13354868
0.68612378 0.10891272 0.02060519 3.82629141 0.93218233 0.10970195
0.79708384 0.20259110 0.01942257 3.36430423 0.78966275 0.14511425
0.68897287 0.18706003 0.01260031 2.55253767 1.10263814 0.23439591
0.63827837 0.17979677 0.02739763 2.88838658 0.91859060 0.19042546
0.80875839 0.10004564 0.01521991 2.30300741 0.91660120 0.12909915
0.67916759 0.04586593 0.01602295 3.13627730 0.97767157 0.11924609
0.72317307 0.14946369 0.02689887 3.71720482 1.03863197 0.03982034
0.68737810 0.08457422 0.01434345 3.82998854 0.81721240 0.09443177
0.68293236 0.15084639 0.01471259 2.51431340 0.81564228 0.09949186
0.60901750 0.19435401 0.02460079 2.63156409 0.84807793 0.16166089
0.65694026 0.09561200 0.02551766 2.63697190 0.94134806 0.06087270
0.64942076 0.20506738 0.02934427 2.44367974 0.86102419 0.23259047
0.60277246 0.18665404 0.02589741 2.18000324 0.97406037 0.11827054
0.71219422 0.15208738 0.02237182 3.33346316 0.84353773 0.11420250
0.69879117 0.05541285 0.02880772 1.99126312 0.90532479 0.14096710
0.68638485 0.07347742 0.01780082 2.08595327 1.10037849 0.00127497
0.78405175 0.10402502 0.01953032 2.47862435 1.01257024 0.16571926
0.64366687 0.08362684 0.02916095 2.70027490 0.99607506 0.12710524
0.64426800 0.04873687 0.03043613 3.90278667 0.88486053 0.14565584
0.80848480 0.20016193 0.02423448 2.19657258 0.96539123 0.20426951
0.80194784 0.09936389 0.01482406 1.90315761 1.05232706 0.09586908
0.76471858 0.09268049 0.02057556 2.83682650 0.91123903 0.24709157
0.74436172 0.16758746 0.02966904 3.32494351 1.00952109 0.23234678
0.76968865 0.05224143 0.01009554 2.45541366 1.11161802 0.12330390
0.59019166 0.05078536 0.01811176 4.03056518 0.94063906 0.06271122
0.71549193 0.08950335 0.01850858 3.94783145 0.97246631 0.00303898
0.76020620 0.06639236 0.01065456 2.77009891 1.09599844 0.00754350
0.71029318 0.16542414 0.02163086 3.10683127 1.00258076 0.01572396
0.70159981 0.19884855 0.01221949 2.16523597 0.79534763 0.04165112
0.70444999 0.18725354 0.03058167 3.07646597 0.90853945 0.09388250
0.63263180 0.05512986 0.00957279 2.99173105 0.98715950 0.12118784
0.75037543 0.18585537 0.02685955 3.45407871 0.81101352 0.10323656
0.76418160 0.12109266 0.02771922 2.59160393 1.08336173 0.12551766
0.74224450 0.11243209 0.01914451 2.49077422 0.88986355 0.23795606
0.78966654 0.10598493 0.01947275 3.79569120 0.96677520 0.04359195
0.71754810 0.08705221 0.02238292 3.45293181 0.95661467 0.19438971
0.77539307 0.18276857 0.02982964 3.07402567 0.83155186 0.14953196
0.80448747 0.13913330 0.01853026 3.08214919 0.86841885 0.22721268
0.77005537 0.07704054 0.01231204 3.46233680 0.96380104 0.07336388
0.75606855 0.13024632 0.01139092 3.45816368 1.08667110 0.06043403
0.79357079 0.13375286 0.02805580 2.03218886 0.97035526 0.25150645
0.59037455 0.06349797 0.01674478 2.69219471 0.79325370 0.23491693
0.71449811 0.16336276 0.02261095 4.07869543 0.97642009 0.12380439
0.71708657 0.14190482 0.01484803 3.39111591 1.05978400 0.04216807
0.79438735 0.09588129 0.03019211 3.95000991 0.87964213 0.07483443
0.79288121 0.13856024 0.01799662 2.57061414 1.02771624 0.10047160
0.80424765 0.18272338 0.01585144 3.24125799 0.94839138 0.14597099
0.67550399 0.06918638 0.03005853 2.35360181 1.09106571 0.25465680
0.62424663 0.13037321 0.02091412 2.00973873 0.82023996 0.02621881
0.71895682 0.07320209 0.02660193 2.79102673 0.97624869 0.19279339
0.64851463 0.15050780 0.02298843 3.54124372 0.89378357 0.25275859
0.72519748 0.12970680 0.02737081 3.02958415 1.01229371 0.12208607
0.72970012 0.06886398 0.01803561 3.92590335 0.81805890 0.08055979
0.71155824 0.14408828 0.02640828 2.97900392 0.79771699 0.21112617
0.74318066 0.19452828 0.02681676 3.98383153 1.01945678 0.17467726
0.72235825 0.05944152 0.02581377 3.70238376 0.86309569 0.00103458
0.70970106 0.16379084 0.01794547 3.10262763 0.95360279 0.03181214
0.66841292 0.12731045 0.02622155 4.07428736 0.88718927 0.03706351
0.67114956 0.11741852 0.02379928 4.08852739 0.97074185 0.06342046
0.73539008 0.12258901 0.02157976 2.23272932 1.03686094 0.14384876
0.62065416 0.20591461 0.01652223 3.39261412 1.10405486 0.14991613
0.63218584 0.17292353 0.02683460 3.47579168 0.96446778 0.18208226
0.71429332 0.12087239 0.01449294 2.61388623 1.07749192 0.05239055
0.75147257 0.20476550 0.01422201 2.33100879 0.80173824 0.05566560
0.66468942 0.14566794 0.00919881 3.48051269 0.81887283 0.06375317
0.76155596 0.09786800 0.00972382 3.44480564 0.87275428 0.18263277
0.65597772 0.11521445 0.02326754 2.95157949 0.93325446 0.19576304
0.61973374 0.12702559 0.02775624 2.14405897 0.94315196 0.07274492
0.78730602 0.04255443 0.01904331 3.35574769 0.81978623 0.16689100
0.60400665 0.06595321 0.01383547 2.59894628 0.92761525 0.24648852
0.72705139 0.16074253 0.02207805 3.35015282 1.00488501 0.10748641
0.72170511 0.05461532 0.01759694 3.50277782 1.10599631 0.14866410
0.68858390 0.05288195 0.02499512 3.21088139 1.06746124 0.19716082
0.60243576 0.19548383 0.01800889 2.25657905 0.98358160 0.14637684
0.65615446 0.18366248 0.02554488 3.98788568 0.93767960 0.16903675
0.72767282 0.19718992 0.02747023 3.04549470 0.79238754 0.08177970
0.67765754 0.07619633 0.01479814 3.38040552 0.96035976 0.13816900
0.67731428 0.16413164 0.02002436 3.12389217 0.89146712 0.10772309
0.75714555 0.05397069 0.01285891 2.67630761 1.03457430 0.20374179
0.64080731 0.04766836 0.00915456 4.09927397 1.03974059 0.18833310
0.77874739 0.05826642 0.01329851 2.30839702 0.83289817 0.20729287
0.65530209 0.12998529 0.02759708 2.96053174 1.10112597 0.01299850
0.77255962 0.14020074 0.01463198 3.22519832 0.80566974 0.21052830
0.62228834 0.12006968 0.01127468 2.62707847 0.97953709 0.01968980
0.80939961 0.16207654 0.01437331 1.97844314 0.91279603 0.04754954
0.76399782 0.06903151 0.02482186 2.47611048 1.00850787 0.08596821
0.80011824 0.09370212 0.02141916 2.30550784 1.06781139 0.17898676
0.79509867 0.14304971 0.01379038 3.70068718 1.07901048 0.25392171
0.77329842 0.20138250 0.01864672 3.72643070 0.99545818 0.11280573
0.62717878 0.12888275 0.02607972 2.68721359 0.92921692 0.12759683
0.80894898 0.19819695 0.02025817 2.72536454 1.11377261 0.05063697
0.70273124 0.15146787 0.01412332 3.88688207 0.93728875 0.08156354
0.79242023 0.13512541 0.02643596 2.92116056 1.07018824 0.12882038
0.77886429 0.07785644 0.02606613 2.29594420 1.00193343 0.14879556
0.67855459 0.08825054 0.01591992 3.34133880 0.86527935 0.23024828
0.66312598 0.19735339 0.01988002 2.39684975 0.95048845 0.25322960
0.64630890 0.07524633 0.02364341 3.61394658 1.01829664 0.13420312
0.62408194 0.18168802 0.02339728 2.22014111 1.05556842 0.25659548
0.73613368 0.08399264 0.02985846 3.80581294 1.03379745 0.05394507
0.64738138 0.11248175 0.02272910 1.94905420 1.09150475 0.13818841
0.62308054 0.10221024 0.02970327 2.99830724 1.03243134 0.02942523
0.68671561 0.11441059 0.02240244 2.38096759 0.85554552 0.06147315
0.59441899 0.15030656 0.02993489 2.09420665 1.10476639 0.05841678
0.79320940 0.19698929 0.03005304 3.75040000 1.06490064 0.03026631
0.77593246 0.04965015 0.01720629 3.54528372 1.04872351 0.18524433
0.73303604 0.19380298 0.00978766 3.29758390 0.99255580 0.15723714
0.60662859 0.19678728 0.00901398 2.80017154 0.89471220 0.23726099
0.68181638 0.04400110 0.01938714 2.64919021 1.09070480 0.01027506
0.59769354 0.06774476 0.01036236 2.80303134 1.01608905 0.19315763
0.79167372 0.17405367 0.00950190 2.64243630 0.89820588 0.03268244
0.70655826 0.08426473 0.01724206 2.47294152 0.92518702 0.06588897
0.67087969 0.06984312 0.02521107 2.78903461 1.02881176 0.23137916
0.60647412 0.14905353 0.01565345 3.15968548 0.96503587 0.14827057
0.79967036 0.18646727 0.01235560 3.56190530 1.03038405 0.05496750
0.60835939 0.18929988 0.01355440 2.90570256 1.04377732 0.09106023
0.71624884 0.05176000 0.02928319 3.77946374 0.92440827 0.18360562
0.59362299 0.12463531 0.01406608 2.93023878 1.02754753 0.22593019
0.64178198 0.09501166 0.02154070 3.15027773 0.99269842 0.08650685
0.69039797 0.18292869 0.01251894 2.66795823 1.09421667 0.25882487
0.61236301 0.18225271 0.02029649 3.82469750 1.09049456 0.03370242
0.80167165 0.13829333 0.01086532 3.39667052 0.81642407 0.00187106
0.78786824 0.11184837 0.01077148 3.84795954 1.03425124 0.18867731
0.61899957 0.16881186 0.02528251 2.17536860 1.10692390 0.11087161
0.78558712 0.17119574 0.02731391 3.62817747 1.04835100 0.07700659
0.61614568 0.08229387 0.02600789 2.75165050 0.91594804 0.08488533
0.76605869 0.20524623 0.01910422 3.94270319 1.09796948 0.13647488
0.62154101 0.20359025 0.00932644 3.51600625 0.78689460 0.09259962
0.60268189 0.05873277 0.01070414 2.31440427 0.93260471 0.19371775
0.72575473 0.05614267 0.01068252 2.66033488 1.01578908 0.19090884
0.64442069 0.15864069 0.01891423 2.88317300 1.05881826 0.09350339
0.61501938 0.04428820 0.01928352 2.96862590 0.93507255 0.04267742
0.63063880 0.12785088 0.02515446 2.76556354 1.09910383 0.09964117
0.75241954 0.13469780 0.02842114 3.63075663 0.81749678 0.07632514
0.60327358 0.07030962 0.02973257 4.07250163 0.89182279 0.01159705
0.68582983 0.17432290 0.01655651 2.01532152 0.96589772 0.15430585
0.67333445 0.20149583 0.01767160 2.92944283 1.02122450 0.10830629
0.77715308 0.09292877 0.02782303 4.06100907 0.99164446 0.17499067
0.69764557 0.15131061 0.03066002 2.98585103 0.78664370 0.11766005
0.65204145 0.11084460 0.01107615 1.97542767 0.82689949 0.07917286
0.62905481 0.04520311 0.01784127 2.72268539 1.03989211 0.25248412
0.76323912 0.13174698 0.02716716 2.46991732 0.85121969 0.01256869
0.65053806 0.11509959 0.01129420 1.96742778 1.03615209 0.12042545
0.62340015 0.08256586 0.02370172 2.39025155 1.03925601 0.25281485
0.67789520 0.07651002 0.01859557 2.75458037 1.02306305 0.01371261
0.77092868 0.10175578 0.00927149 3.14885809 0.90272817 0.13786544
0.62533026 0.06001458 0.01455795 2.94096253 1.07465301 0.16866508
0.78340014 0.12269343 0.01116745 2.28517443 0.99811428 0.06265491
0.71287447 0.20686990 0.01254736 2.11353980 0.98574361 0.22477936
0.65381377 0.04511205 0.01179487 3.55382170 0.96157537 0.15189973
0.63667565 0.08467576 0.02088296 3.77257346 1.09324299 0.12866743
0.63126573 0.20295811 0.02633527 3.57252834 1.10860347 0.05053366
0.65738592 0.15315976 0.01141190 3.46671169 0.81910335 0.18915772
0.70420040 0.15600381 0.02068800 3.37606063 0.88419449 0.02363161
0.64461482 0.05429035 0.02616294 2.07808500 1.02928685 0.04582678
0.68166358 0.10384089 0.02095748 3.36529842 1.09847169 0.25567302
0.80273964 0.10862719 0.02861817 4.04717361 1.08294673 0.03925611
0.71523138 0.06108006 0.02437764 3.69765911 1.03825540 0.19111795
0.72919182 0.17206527 0.02014584 2.12396153 1.07008303 0.18460141
0.59105336 0.15257163 0.01702810 2.21586082 0.84968652 0.12674357
0.75052589 0.07601061 0.02487868 2.32770643 1.05738126 0.04713583
0.60794465 0.08139504 0.02816139 2.90533518 0.80488054 0.16065460
0.78501804 0.14433567 0.01496930 3.31773604 0.92209482 0.18606412
0.78887603 0.15907121 0.01331473 2.68913595 0.95500837 0.20900701
0.61275334 0.08692165 0.01246260 3.70536762 0.93619988 0.17177607
0.66493762 0.06235186 0.02202886 1.97055932 0.87339473 0.07868611
0.74954646 0.06301036 0.02054741 3.36244258 1.04738096 0.20178861
0.67573102 0.08043870 0.02825102 2.03704201 1.06914715 0.15908812
0.64501720 0.13249495 0.01501450 3.02282296 0.83336086 0.06449457
0.72067511 0.14516455 0.02610805 2.41666506 0.93995448 0.06732809
0.75522854 0.16237404 0.00999725 2.11606976 1.10285373 0.08211096
0.63612582 0.17596109 0.02828836 3.79034865 1.07237500 0.10202532
0.67654490 0.20608377 0.01874464 3.91967785 0.93065891 0.07028589
0.76810617 0.10739411 0.02361231 2.17734251 1.04301743 0.01562932
0.63726538 0.06281122 0.02234863 2.11063816 1.05017263 0.05944970
0.77612037 0.05106461 0.02432935 3.24901512 1.06304015 0.07734537
0.69344593 0.05758293 0.01143980 2.50393561 1.01863654 0.20969474
0.69295214 0.06787984 0.02101218 2.71320080 0.84628770 0.24479808
0.78902577 0.16266383 0.01531731 3.90811414 0.97105792 0.07303254
0.64157008 0.06940327 0.02351707 3.36776542 1.08170440 0.09036362
0.63455553 0.08795401 0.01398614 3.74599209 0.92144603 0.18189001
0.61064989 0.07364337 0.01287224 3.80046004 0.83066736 0.11245457
0.73746487 0.18569017 0.02892668 2.52399921 1.11489614 0.19879623
0.72249346 0.06071419 0.02995758 3.11758993 0.85280835 0.04250319
0.72496033 0.10488381 0.02968402 2.12172464 0.92544469 0.23813482
0.70734530 0.19970800 0.01240730 2.56638985 1.07169983 0.13703306
0.66402826 0.08513497 0.02952184 4.04830445 0.94344911 0.24815720
0.63467030 0.17785582 0.01660921 2.51827336 0.94488873 0.04106138
0.71482025 0.15889083 0.01401662 3.85418407 1.01459855 0.09244825
0.75181904 0.19845821 0.02634382 2.72837620 1.08969418 0.24512715
0.59830347 0.15814370 0.03050819 2.54342789 0.84540374 0.18688961
0.75442592 0.09094193 0.01144458 3.42290531 1.06438270 0.05299424
0.61102907 0.17672208 0.02704231 3.80394979 1.07819121 0.20323716
0.62720865 0.10771289 0.01699972 1.94821641 0.98251497 0.15485782
0.69709137 0.15277378 0.02376303 3.17340469 0.85521942 0.24111525
0.59601623 0.15368605 0.01772282 2.15886062 0.96784456 0.16835178
0.61792032 0.18624168 0.01796254 2.55658432 1.07550362 0.17817830
0.65891876 0.14494606 0.01625026 4.08977759 1.01037034 0.22982255
0.61578650 0.20726915 0.01976554 3.01554295 0.86463975 0.17668580
0.73176572 0.19768992 0.01421274 2.52568905 0.87845931 0.11695275
0.72380136 0.17029946 0.01997519 3.97622841 1.09359983 0.03320029
0.71316641 0.12779407 0.02317801 1.96060892 0.99459676 0.11539011
0.66150951 0.06744675 0.01047749 2.45283222 0.94937463 0.20051784
0.69984805 0.06202467 0.02459299 2.34139252 0.98294722 0.20103721
0.74559853 0.18390342 0.01405389 2.86748210 0.97115010 0.00264057
0.72087700 0.19264172 0.01312208 2.13105295 0.85228242 0.15238724
0.68371081 0.05385030 0.03055198 3.08852045 1.03485415 0.13053931
0.59289680 0.12993754 0.01269897 3.77035231 0.84839292 0.10569854
0.78692831 0.11640950 0.03099823 2.31304007 0.81275613 0.08021750
0.80773945 0.15628754 0.01600107 2.24495927 0.93910906 0.16051875
0.68700302 0.15689992 0.01078473 3.87631541 1.02559111 0.13310551
0.65872775 0.18328879 0.02783915 3.59234210 0.87737204 0.03545724
0.66601980 0.17323293 0.01241180 3.31950250 0.85886233 0.04954134
0.63293034 0.06621665 0.02226694 2.11804453 0.80899916 0.17790055
0.80398003 0.08721880 0.02821609 3.28298019 0.86869718 0.10917723
0.64135889 0.16837586 0.01155526 2.73098255 0.97208239 0.21728092
0.60015651 0.06936440 0.01648493 2.37395792 0.83700750 0.13125137
0.63529606 0.15576390 0.02199325 3.07243742 0.92486316 0.16406543
0.80593242 0.09471136 0.02312038 2.72419803 0.86159351 0.09609087
0.79137919 0.19592745 0.02636271 3.06689402 0.87984874 0.06460092
0.75319679 0.08586532 0.02884045 2.45790082 0.85342989 0.02856046
0.77045497 0.05523785 0.02791496 3.93970659 0.90030447 0.01617142
0.75648208 0.04904722 0.02718746 2.83755005 0.85316516 0.15252502
0.71197243 0.06737105 0.02547642 2.62889182 0.82317909 0.00611718
0.79558294 0.16845569 0.03029604 3.02008304 0.79506691 0.11978577
0.68807317 0.11968154 0.01998625 3.53418521 0.86437387 0.14150565
0.62670993 0.04269258 0.02360168 3.59131469 1.08695583 0.25828111
0.63808699 0.13950145 0.02896527 2.46323367 1.02156083 0.16993928
0.60175071 0.08591945 0.02303276 2.89623584 1.05562793 0.03632869
0.60853151 0.16103114 0.01019198 2.89854164 0.82736947 0.15376534
0.59181356 0.11594509 0.02306110 2.10342169 0.79850821 0.11810062
0.75855453 0.16583799 0.02224400 2.34257733 1.07125497 0.10152194
0.65150157 0.06707019 0.02271399 2.02434590 1.05761219 0.01642380
0.65194624 0.18940790 0.01623246 3.81103493 1.07474677 0.10620826
0.71801917 0.06665731 0.01507353 3.13099522 1.11431253 0.08334615
0.63357244 0.16805052 0.02079832 2.44274576 0.82650281 0.04623373
0.65417440 0.13525576 0.02352252 2.67071068 0.91729115 0.26052699
0.69143526 0.05326348 0.03014880 2.25554502 1.03663439 0.08560738
0.72353718 0.19997609 0.02293765 2.69475032 1.01339005 0.09904796
0.76351449 0.15023224 0.02918870 2.05848924 1.09547162 0.24876053
0.71837997 0.18411871 0.01054390 3.66202410 1.10130688 0.23974445
0.72962296 0.12492447 0.02530884 1.94539975 0.80030021 0.26109620
0.77264517 0.07098586 0.02912274 4.00462429 0.85798293 0.08410837
0.74785930 0.12246689 0.02225317 2.32334241 0.80848705 0.15872702
0.79933573 0.14779088 0.02710159 2.57194160 0.83266430 0.12303246
0.66797217 0.08125156 0.01409695 3.63902186 0.88756198 0.10695406
0.78640022 0.11998601 0.01789441 2.93375319 1.10615598 0.12631628
0.60611331 0.14463387 0.02100826 3.67399668 1.08653248 0.24924290
0.75920942 0.06266058 0.02020566 1.92011096 0.92188755 0.14043094
0.77365042 0.12652230 0.01849201 3.53844606 0.97565252 0.20208423
0.71133640 0.07892280 0.02732852 3.11037755 1.02230852 0.18651043
0.71261800 0.19331995 0.02750412 2.61548518 1.08746144 0.07464993
0.80724499 0.05037970 0.01073382 2.84112425 1.00307029 0.13844806
0.75224388 0.07398086 0.02013026 2.53025692 0.89418558 0.15043763
0.61179873 0.12534237 0.01525817 2.27436947 0.84785093 0.05459459
0.62082650 0.20272253 0.02501617 2.58568053 0.83660595 0.09092614
0.65485832 0.10707451 0.01460821 3.19741576 0.99999086 0.06301509
0.80684448 0.07219611 0.02798627 2.43839124 0.98228234 0.06876455
0.62482812 0.09261432 0.02328375 2.91815768 0.85080286 0.12958314
0.69230523 0.18970823 0.01754853 2.73516039 1.10058695 0.22277635
0.64045177 0.13104447 0.02494324 3.74316480 1.10644978 0.21902566
0.74466963 0.15246512 0.01787792 3.29048689 0.94242562 0.02129208
0.61025486 0.19638470 0.03095421 2.50841607 1.01423464 0.07519020
0.76558782 0.16006107 0.02270351 2.07039534 0.83825243 0.10808164
0.79726883 0.17889273 0.02865123 2.17219328 0.90137270 0.10905811
0.79675237 0.09195734 0.01256582 3.52242330 0.82984967 0.06639714
0.63007407 0.08641512 0.02673356 3.25496679 0.93589024 0.00907245
0.79229438 0.07458364 0.02184938 2.21142735 0.85581681 0.08476764
0.59773100 0.11322975 0.00976736 3.05501810 0.79056579 0.10489616
0.76728726 0.13311153 0.01176390 2.70217218 1.09418915 0.17238156
0.66509138 0.08892436 0.01216572 3.75731060 0.99767963 0.21466826
0.77114336 0.20556759 0.02031158 1.93590783 0.98170235 0.17544758
0.61200497 0.05779195 0.01474179 3.03157439 1.07369961 0.24016946
0.67175086 0.06158414 0.02010704 3.11999466 0.90790450 0.11171075
0.78319446 0.11149998 0.01476242 1.91348237 0.94426011 0.17762951
0.80213011 0.04321233 0.02795441 1.91142483 0.90434621 0.25797324
0.64381922 0.11660203 0.01031598 3.62256421 0.88895670 0.15956158
0.59952141 0.10533731 0.02256707 3.01836481 0.79421642 0.23752218
0.61722362 0.16721000 0.02190585 3.01290577 1.02887523 0.11907952
0.77387816 0.14668388 0.01844561 2.28473081 0.98835508 0.12422563
0.66279232 0.09210568 0.01362787 2.53318039 1.00770034 0.02013107
0.70633958 0.14803210 0.02474858 3.83783570 0.94551989 0.03049034
0.79785752 0.07866959 0.01463961 2.97524376 1.06709724 0.03480143
0.70929941 0.09444759 0.02134915 2.06657832 0.84513167 0.04778740
0.59383814 0.10797438 0.01697547 2.22373639 0.89796891 0.04979476
0.61415772 0.12898531 0.01685750 4.01046099 0.92592112 0.03518143
0.73982135 0.15838596 0.01318510 2.41178023 0.88770967 0.07112370
0.73557588 0.04748381 0.02578062 3.50061194 1.03084613 0.02109575
0.68497086 0.07086869 0.01170816 3.15737497 0.94459260 0.22462738
0.77438690 0.08740558 0.01881609 3.57079935 0.85390704 0.23514144
0.60943530 0.06549682 0.02707619 2.46922083 0.96642929 0.01909348
0.62684279 0.14263865 0.02989383 3.83914529 0.88287724 0.06528196
0.73292152 0.05971516 0.01727232 2.37106632 0.89451864 0.07821736
0.61349969 0.10480824 0.02627035 2.81489585 1.00628476 0.03738287
0.78449589 0.07475195 0.02675751 3.43477359 0.99960385 0.00087896
0.65444222 0.13420546 0.02900561 2.08778705 0.86970995 0.04564915
0.63969666 0.12365180 0.03046420 3.36068145 1.08883484 0.21159593
0.70411662 0.18614390 0.02051203 3.94518850 0.86726654 0.06014180
0.68106686 0.16451547 0.01110960 1.99779190 1.04454579 0.21216962
0.62849491 0.17693498 0.01934041 2.05012151 0.91699981 0.25611211
0.69011694 0.12094116 0.00923087 2.56151690 0.85716133 0.05367851
0.60510875 0.13454173 0.01082766 2.53743007 1.03529815 0.12617696
0.64098670 0.15756472 0.02909438 4.05991168 0.89593851 0.00363498
0.72137924 0.12566133 0.02472223 3.80240808 1.07524681 0.07254356
0.70666043 0.05258851 0.03040049 2.10578577 0.80126654 0.07074936
0.66435784 0.19241495 0.03063175 3.53985998 1.02402553 0.25522113
0.73914391 0.16042820 0.02837364 4.01854463 0.95565581 0.00985246
0.70818715 0.15335960 0.02322248 3.78442645 0.89321522 0.16447691
0.65126533 0.09760343 0.02067089 3.60968108 1.02611529 0.18095675
0.60874687 0.13623130 0.01269077 2.93477488 0.81035425 0.22832336
0.59348473 0.15549323 0.01588798 2.73712869 0.79867764 0.01470343
0.64911019 0.10465209 0.02623880 2.37893920 1.01873595 0.04009625
0.60969918 0.05580498 0.01990670 3.67050044 1.00661647 0.20690733
0.62791205 0.17806186 0.02248015 2.66461502 1.07942410 0.17369305
0.60375273 0.10562835 0.01264944 2.71766533 0.89855680 0.21773245
0.72854068 0.15821189 0.02205763 2.36852629 1.09558227 0.12506274
0.77921121 0.11654967 0.01680354 3.97253130 0.92404537 0.05590161
0.76527574 0.19571105 0.02713235 2.26287757 0.82890992 0.08263753
0.64987109 0.08100070 0.02919616 3.53603187 0.79593819 0.19988153
0.65160104 0.15717560 0.01153501 3.74579690 1.05599912 0.25050658
0.60735117 0.09347027 0.01824767 2.11148047 0.85607798 0.25422834
0.73430831 0.19895733 0.01842177 2.75921259 1.09925514 0.10942203
0.75352076 0.17917559 0.00908054 2.68997783 1.01107683 0.03783944
0.66350400 0.05307865 0.01830789 3.65968274 1.11069285 0.05132529
0.64679366 0.08757270 0.01261016 2.63307978 0.90074397 0.04527321
0.80709591 0.18868224 0.02138252 2.03082467 1.01707062 0.22791608
0.78775107 0.11898802 0.02899146 3.79829261 0.94600767 0.20675232
0.59922497 0.10615959 0.02097616 2.44000340 0.79204541 0.04902061
0.66745641 0.20627425 0.01974293 2.27241042 0.94146051 0.22160694
0.76647523 0.15956494 0.01488216 3.86213714 1.05507942 0.06714398
0.70294942 0.11920907 0.02439275 3.66305079 0.91388017 0.24156289
0.71972208 0.11609440 0.01972721 3.33944490 0.98632412 0.16661106
0.68201787 0.18191538 0.01558081 3.72347107 0.87025992 0.14071165
0.71990172 0.20045855 0.02065613 2.85241397 1.06960311 0.09884704
0.69809897 0.13819033 0.02283759 2.90900482 0.91902278 0.20833268
0.69427579 0.09571244 0.03024876 2.81972933 0.94521948 0.09294567
0.72414831 0.13205136 0.01445367 2.91611731 0.95081205 0.05813925
0.62465543 0.12564186 0.01683684 3.21953245 0.89289996 0.12192800
0.69544791 0.13335614 0.01503951 2.01355783 0.93875914 0.20601090
0.70908935 0.18509614 0.02076423 3.60502045 1.03341540 0.03127823
0.74277766 0.11266439 0.01829272 4.02565507 0.97914553 0.20286758
0.75080881 0.04827015 0.01712746 2.94464386 1.10901221 0.01215919
0.64120144 0.06034154 0.02672974 3.99836312 0.92654679 0.06636170
0.78149347 0.15946609 0.00944024 3.46489172 1.11006308 0.02735965
0.75617435 0.13650461 0.02112301 2.91939068 1.08535605 0.13615760
0.75429320 0.17305534 0.01228531 3.27601404 1.03798923 0.10421046
0.69680256 0.18144601 0.01097173 2.23759212 1.10933546 0.15086212
0.75997614 0.05635893 0.01748110 3.13349108 0.90904860 0.15900137
0.80054751 0.19623099 0.02585528 3.71269992 0.79150027 0.08296099
0.71874743 0.04879804 0.02334055 3.11560439 0.79958458 0.21962495
0.62992563 0.06716556 0.02403631 3.72104118 0.95031092 0.05090065
0.78648986 0.09522354 0.02055665 3.64536184 0.97851351 0.16340032
0.80492511 0.16994990 0.02722302 3.42507246 0.92694579 0.25194863
0.61023992 0.14728554 0.01088493 2.57950129 0.92730395 0.19531625
0.62262290 0.07801414 0.01081247 2.04907002 0.81774348 0.21810402
0.61455390 0.18226450 0.02888134 2.82870556 1.11257415 0.08326109
0.79333316 0.18846407 0.02728624 3.75908042 0.99818623 0.01324497
0.66257882 0.13125351 0.02946535 3.22375631 1.03142356 0.22629570
0.64963504 0.14641853 0.01190879 2.87046079 1.06172365 0.02637939
0.67488701 0.19063826 0.01187529 2.07948183 1.09857505 0.20636503
0.75667167 0.19182407 0.01557480 3.76676125 0.81578407 0.25343901
0.64404618 0.09546246 0.01298701 2.53863038 1.06539039 0.21424476
0.61295902 0.05059692 0.02924765 3.33119082 1.02966226 0.20407578
0.59854089 0.05146302 0.01112644 3.91538905 1.07097484 0.13179634
0.78596360 0.09859316 0.02991469 2.25905457 1.06348591 0.09757744
0.69429636 0.20074747 0.02511233 2.18959106 0.87873845 0.21755119
0.60345541 0.11950282 0.01742259 3.73729773 0.85456036 0.25937779
0.79893247 0.12954363 0.02133742 3.14683457 0.79891095 0.14502373
0.65964574 0.15412930 0.02949274 3.33701041 0.79719540 0.18994835
0.79394528 0.15638820 0.02391780 2.48216106 0.89941263 0.21368968
0.73961965 0.13574476 0.02037973 2.87496972 1.09989672 0.23405042
0.61570180 0.13087094 0.01185705 2.25134821 1.00037414 0.04375924
0.66451122 0.05044755 0.02857918 2.54674548 0.93353547 0.10399778
0.80343887 0.19310793 0.02688207 2.43047280 0.87931427 0.09063200
0.73821209 0.10845860 0.01198658 3.82796488 1.10197831 0.18769060
0.68923177 0.12690149 0.01386503 2.15383138 0.83865311 0.05661125
0.63199062 0.18824123 0.01226010 2.02014478 0.91457279 0.00952409
0.65032674 0.06855809 0.02561659 3.95049797 0.98750754 0.12766062
0.76910074 0.04358256 0.02650649 4.08549825 0.90005726 0.17910495
0.66282109 0.15747668 0.01980897 2.68099390 0.88314958 0.18728648
0.80543609 0.19351096 0.01201740 3.26657091 1.02277126 0.02498182
0.78911740 0.08956527 0.01892423 3.29262517 0.92663576 0.16937951
0.74246920 0.18246889 0.01746677 2.12994865 0.96226298 0.04879713
0.74589382 0.10316865 0.01619610 2.95407370 0.97339419 0.00485336
0.69617694 0.08321011 0.01917561 2.41426770 0.90609767 0.17136648
0.75462135 0.04542783 0.01289845 2.33532169 1.02666970 0.20849472
0.61818076 0.10631557 0.02150509 3.04803908 1.05076084 0.19209237
0.66817197 0.12192075 0.00902752 4.02791687 0.84337250 0.25380965
0.63416309 0.06052886 0.01325604 2.26861840 0.79460750 0.04655377
0.69254304 0.06792085 0.02262166 2.34565762 0.82563486 0.11888566
0.78688511 0.17182032 0.02169377 4.01260948 1.02485710 0.01048162
0.65828501 0.12307679 0.01025991 3.48449341 1.08125429 0.16795093
0.62778357 0.04494063 0.02222180 2.27049486 0.93036277 0.24354812
0.67949977 0.09027520 0.02386983 2.29605991 0.92388683 0.22106609
0.73111084 0.06465646 0.02723940 3.48766470 0.83145817 0.18785736
0.59259045 0.11485038 0.03093213 3.66758585 0.79296624 0.08927349
0.80326720 0.06147049 0.02653284 2.08179457 0.82555892 0.06778063
0.62045092 0.17599960 0.02702567 2.87820672 0.92293645 0.09420145
0.73670085 0.07863125 0.02445278 2.49833826 0.79566047 0.19789355
0.71566958 0.16958461 0.03007708 2.46000645 0.89580622 -0.00076830
0.70606771 0.20334118 0.01466828 3.28961233 1.05461383 0.18912124
0.76076734 0.17573063 0.02257900 2.42690640 0.78858341 0.19235879
0.59972709 0.15489720 0.01734442 3.95675596 1.03735142 0.03099322
0.66554460 0.12763000 0.02264700 3.81785783 0.95250951 0.15774265
0.73518812 0.08066802 0.01490977 2.26556954 0.89099135 0.21877512
0.74145675 0.05346315 0.01041248 2.64634302 1.04416283 0.10843910
0.78536574 0.08617627 0.02041137 3.57649697 0.81136718 0.07756883
0.73893617 0.20235458 0.02295856 3.60229678 0.96882871 0.11630272
0.71854845 0.15204888 0.01364681 2.36915541 1.06763315 0.20206299
0.59583041 0.15174208 0.01579652 1.90016474 0.93477543 0.11563883
0.78846542 0.05750457 0.01005529 3.28607437 0.91981367 0.01779931
0.62384521 0.11557088 0.00954312 3.22985212 0.88664420 0.03656471
0.79832625 0.19861472 0.02889442 2.78582423 0.89525160 0.19169957
0.59632962 0.17844970 0.02575326 2.49922094 0.79289830 0.05423775
0.61647113 0.07683503 0.01906349 3.03967707 0.96412713 0.23197793
0.80083019 0.17997616 0.02219931 3.64778445 1.05173287 0.02195512
0.79104766 0.13294873 0.01855075 3.43016267 0.92338114 0.20528663
0.80568612 0.17463530 0.01970549 3.06462752 0.80643026 0.19457342
0.60605938 0.17474581 0.01582944 3.25824218 0.80012210 0.10124487
0.61086547 0.14247245 0.01862987 2.36024859 0.82788392 0.23555060
0.59267443 0.07368845 0.01416755 4.06789095 0.88222812 0.08384953
0.79751263 0.08225084 0.02830921 3.28435095 0.81672946 0.02234607
0.64291011 0.16025692 0.02939648 2.10097720 0.78541422 0.23925797
0.79919069 0.16685681 0.01898512 2.55537692 0.99140571 0.21003320
0.79574298 0.07993483 0.03084115 1.94122982 0.86239576 0.22670375
0.59681740 0.19518954 0.02196657 3.10835863 0.86369085 0.17096005
0.76255752 0.13345465 0.02596738 2.56755717 0.89195920 0.00433305
0.73374796 0.12069410 0.02788579 3.40681590 0.79679452 0.07005612
0.74046969 0.19002736 0.00964495 3.90557705 0.96914243 0.24220983
0.59696418 0.16667335 0.02499136 2.18347115 1.02382279 0.08629517
0.76841443 0.11450003 0.01233942 4.05103042 0.93791724 0.00300420
0.66676260 0.17854074 0.01352349 2.22272386 1.08510559 0.06200544
0.60152110 0.12468067 0.01661598 2.19201691 1.04371657 0.08447734
0.77487192 0.18953349 0.02819802 3.16171606 1.05989756 0.20770557
0.69734815 0.14930548 0.03075963 2.78167928 0.88165993 0.05789076
0.80007396 0.15653920 0.01161694 1.99671082 0.90983386 0.18151181
0.67220191 0.09599908 0.01052236 3.84986624 0.83948754 0.17221768
0.79185645 0.04291690 0.01457743 3.74077992 1.02174568 0.18551730
0.69459256 0.13436981 0.01653607 3.14076112 0.91509145 0.17841454
0.67340378 0.16174479 0.02018414 3.65046850 1.07721340 0.00622168
0.76066408 0.09685144 0.01439187 2.83218388 0.95382790 0.00231668
0.77740356 0.17660989 0.02626519 2.09178174 0.92588450 -0.00147240
0.73599576 0.17625574 0.02405016 2.90238676 0.80800900 0.06062927
0.66961019 0.19482895 0.01627149 3.88004471 0.80982537 0.03611734
0.64639099 0.08207114 0.01742674 2.99046692 0.79744738 0.01197049
0.71110517 0.04342672 0.01932346 3.45679324 0.98140641 0.01502376
0.77158832 0.11763272 0.01553901 3.68095875 1.11183756 0.24836458
0.75090803 0.14924015 0.02230032 2.22726856 0.86571682 0.17961819
0.72031768 0.09715690 0.01368436 3.76431740 0.98331106 0.06364679
0.62874864 0.17120029 0.02485547 2.71545613 0.99422949 0.02441819
0.65493121 0.19650580 0.03089508 3.24851690 0.89670411 0.14540054
0.65987116 0.14530476 0.00997940 2.84265603 0.80531862 0.01652216
0.70766770 0.04685973 0.02441351 2.27740507 0.80104477 0.11504794
0.75759195 0.13883489 0.01044170 4.01492040 0.98531907 0.05626312
0.77195432 0.06487206 0.01425734 2.84481404 0.80842316 0.14616016
0.78817033 0.07947275 0.01636057 3.47356264 0.87591897 0.09131651
0.77415699 0.12529974 0.02548707 3.31360432 0.87237233 0.09686413
0.64749151 0.10752779 0.02188036 2.32650862 0.94013805 0.19510320
0.61739815 0.10351012 0.02481091 3.34975508 0.83513985 0.26191656
0.64302734 0.14009598 0.00929261 3.62360143 0.96726957 0.05915288
0.64571250 0.17095704 0.01010272 2.60635812 1.08916376 0.17975111
0.76895820 0.14863163 0.02646516 3.95800207 1.10831759 0.00816071
0.66062461 0.10290947 0.02180738 4.05311116 1.04177284 0.08896106
0.68457798 0.11732541 0.01937820 3.43681344 0.84652677 0.15216777
0.71055263 0.17761973 0.01671444 3.73015326 1.09009122 0.10493924
0.68721216 0.07181082 0.01770881 3.72556525 0.97574990 0.23039994
0.78186377 0.04859530 0.01348393 2.78242674 0.98092274 0.04043800
0.67152575 0.15565247 0.01667813 2.04551483 1.08365239 0.11211788
0.65337982 0.10952600 0.01225427 3.24416171 0.85417222 0.22650067
0.59495343 0.05718552 0.01093995 2.67381213 0.89653203 0.22368588
0.70373838 0.10546458 0.02266549 3.32134627 1.05345567 0.00525624
0.61360574 0.13233001 0.02588078 2.31584339 0.95211920 0.16808329
0.70351332 0.06810127 0.01075945 3.21752599 0.85479273 0.15012053
0.61703553 0.18685136 0.02008130 3.89059222 1.03105480 0.25111410
0.61944285 0.11849291 0.02868716 3.85900328 0.95126055 0.26153587
0.67822215 0.04724357 0.02762386 3.70753592 1.02630456 -0.00193371
0.74801773 0.16251382 0.00946451 3.41826902 0.80269638 0.02150707
0.59936950 0.06167060 0.02424949 1.93190347 1.02451660 0.17161178
0.71956800 0.12296500 0.02490562 2.07545255 0.92876199 0.12364626
0.78062926 0.18790913 0.02382763 1.90957407 0.96105639 0.20237380
0.74991573 0.17336805 0.02335957 3.60045396 0.90089664 0.00405697
0.67030529 0.05840159 0.01967702 3.77766516 1.07903174 0.11962324
0.63841623 0.07112384 0.00982237 3.71505419 0.91603339 0.09224433
0.74068833 0.05591878 0.00990180 2.38350246 1.01510979 0.06864825
0.73767704 0.11581839 0.03061440 3.70868699 0.89328278 0.00567950
0.75725519 0.09219675 0.01610761 3.37245920 0.94228695 0.22944011
0.69103129 0.16781829 0.01766417 3.50630964 0.85843745 0.17517090
0.79275938 0.07569693 0.02374948 3.60812985 0.86146488 0.18251882
0.64773540 0.14608793 0.02664244 2.74280488 0.87456641 0.09532701
0.69215610 0.16632194 0.02508855 4.04309760 0.95173232 0.10289012
0.73737218 0.15446967 0.02545206 2.18449577 1.04101973 0.09362057
0.74357038 0.18601030 0.02893725 2.10892960 0.78698296 0.09809275
0.65094362 0.11879877 0.01032454 4.02012305 0.95440372 0.22871757
0.59084549 0.09698758 0.01707966 4.00226607 0.84902133 0.05410450
0.80494332 0.17048323 0.02344249 3.93316358 1.06196705 0.13095414
0.80470048 0.10639767 0.01435464 2.24055223 1.01468518 0.04139187
0.73126744 0.08818826 0.01393900 3.22141890 1.04145735 0.11068100
0.73834480 0.10415486 0.01469016 3.13738924 0.86985061 0.02048985
0.72368345 0.08334431 0.01120721 3.63392184 1.01983054 0.08569167
0.65448352 0.14561272 0.02539927 2.20886160 1.09233420 0.01126998
0.70686423 0.17505334 0.02604106 3.68544129 0.91562774 0.24204712
0.77469683 0.14272144 0.02160461 3.14212640 1.08778308 0.07644807
0.79113002 0.14361660 0.02536375 2.13466667 0.91186125 0.16472116
0.77752023 0.11046971 0.02479156 2.81266262 0.87176880 0.03402001
0.77588692 0.17824055 0.02496078 2.40439193 0.95144054 0.05321706
0.76776514 0.11073828 0.01919576 3.64140637 0.99721714 0.17058605
0.61313312 0.10127296 0.01931485 3.81263350 0.90196106 0.18068363
0.71365662 0.20109272 0.02696009 2.09063687 0.88378411 0.04449762
0.62609266 0.10024639 0.01835720 1.96575355 0.97177618 0.17879738
0.80159475 0.09007548 0.02961464 2.61966721 0.80228385 0.21280456
0.78219516 0.12828892 0.01146724 2.55115628 0.87776083 0.14347298
0.75015872 0.10911305 0.03052228 3.73648982 0.99121967 0.21821451
0.63349693 0.06645897 0.02695079 2.76429392 0.85657093 0.02821811
0.60225479 0.12212972 0.01895731 3.10353799 0.95708308 0.22007968
0.75399990 0.13774308 0.02005418 2.68320768 0.87289582 0.10083902
0.67012374 0.05637493 0.01710849 4.06548648 1.05678916 0.20760075
0.72726161 0.18818148 0.02414149 2.04454160 0.80679383 0.14911774
0.70080514 0.08271461 0.02757699 3.86319893 0.95929851 0.04397979
0.61485856 0.05406193 0.01871424 3.16718536 0.94657367 0.25564330
0.68259903 0.10272160 0.01731100 3.73108884 0.94179349 0.05508418
0.67360472 0.20672837 0.02148413 3.81852231 1.09619399 0.13669285
0.62979812 0.13797762 0.01887646 3.22872382 0.86677981 0.23104670
0.70106363 0.08541161 0.02162175 2.23635224 0.80388991 0.16612299
0.78243895 0.08179945 0.01115132 2.88016617 1.10483634 0.23387609
0.72288867 0.06020209 0.02319111 3.47918145 0.93689599 0.20514093
0.59112075 0.13550076 0.01005762 2.61751734 0.96852606 0.11306119
0.73148130 0.08088906 0.01539349 3.57594892 0.82699209 0.15137006
0.72642472 0.11461014 0.02165495 3.82216841 1.06605974 0.23305409
0.74391638 0.10100103 0.02348988 3.06844914 0.99684018 0.25083439
0.70034599 0.12850874 0.01027600 2.40962833 1.00584032 -0.00009006
0.66088232 0.06998808 0.02122408 2.01663055 1.01309027 0.10729311
0.78285378 0.14203446 0.01638219 3.48951680 0.83611809 0.23287677
0.74008683 0.04913828 0.01960429 3.18439155 0.86586928 0.25215816
0.76882200 0.17734428 0.01221085 4.02511281 0.99516710 0.19290975
0.79529169 0.16461148 0.02742332 2.50679236 0.92033682 0.23693785
0.74729761 0.14510931 0.01131326 3.12230106 0.98911300 0.20929308
0.64927836 0.16492236 0.02083066 2.98800178 0.98820756 0.17395479
0.70473907 0.15094307 0.01858913 2.74031526 0.88952965 0.24350492
0.73456907 0.18431720 0.02402414 4.04006366 1.02501948 0.02574118
0.64256949 0.12923668 0.02372651 3.99598197 1.06250609 0.03787573
0.70144979 0.09901875 0.02245514 2.43439455 0.84724907 0.05709923
0.62560492 0.18102025 0.01061488 2.51171071 0.86193222 0.13388465
0.59205033 0.06429576 0.02145783 3.61640023 0.83099309 0.25008528
0.70557687 0.13723104 0.02016836 1.93406188 1.10167606 0.06173191
0.63748818 0.13926630 0.01879799 3.20724271 0.91403427 0.06947781
0.74894529 0.06117966 0.03001628 2.02243448 0.85967848 0.08760180
0.70591228 0.08348730 0.01091334 3.91288666 0.80723964 0.07428158
0.66612954 0.04657631 0.00992511 2.65888406 0.81426226 0.20346776
0.71778118 0.13058636 0.02336665 3.87864877 1.00118636 0.24115909
0.66126156 0.07152753 0.02104340 1.90744697 0.93930163 0.18321170
0.63942175 0.16404519 0.01571261 3.38488586 1.06383886 0.04678076
0.80622227 0.10054638 0.02243978 2.58764380 0.80303156 0.25677475
0.67981882 0.20545509 0.01837693 2.05739330 0.82164511 0.15593206
0.68826806 0.13969789 0.02524292 3.64445186 1.10552596 0.15760810
0.65558985 0.16928508 0.02886164 2.25418595 0.87084211 0.05016429
0.63274266 0.17161852 0.02232547 3.84334416 0.86255692 0.18406958
0.60493040 0.10513819 0.01965745 3.93716237 0.88045795 0.22418907
0.65809804 0.13763783 0.01958024 1.95780011 0.94396525 0.03442607
0.71593640 0.04706384 0.01091724 2.59518272 0.82949087 0.09850283
0.74073298 0.20374028 0.02567056 3.38778100 0.87748400 0.16563509
0.62517770 0.13280513 0.01441885 2.63717839 1.04315848 0.12982022
0.75881311 0.16605624 0.02514356 2.79361692 0.97734200 0.03249791
0.78995621 0.19136653 0.02802479 3.23600439 0.95464938 0.06564402
0.72103072 0.16704735 0.00925876 2.09771261 0.85925441 0.05760745
0.74203503 0.07129521 0.01994243 3.62675642 0.95921449 0.13932964
0.76637143 0.07315905 0.01334195 3.52966604 0.96123883 0.04298223
0.63627965 0.04625799 0.02945643 3.97855045 0.98431445 0.21318000
0.73092475 0.08020362 0.01878003 3.24629689 0.98878773 0.12586133
0.68374179 0.18440425 0.01371869 2.38801350 1.06860227 0.23365195
0.77951365 0.08969559 0.00938074 2.50103314 1.09506002 0.12807196
0.64868327 0.09769768 0.02976642 3.69047527 0.94682526 0.22923016
0.61801124 0.19125350 0.02469778 3.09310196 0.97511434 0.06802901
0.65542154 0.11010793 0.01706089 2.30202333 0.88887245 0.16511283
0.76735792 0.07975646 0.03085673 3.90046162 0.93843757 0.05541220
0.63794112 0.08687488 0.00939605 2.76215283 0.87651338 0.21410480
0.80992467 0.15378285 0.02061680 3.46947957 0.86339395 0.24266920
0.66328273 0.13593899 0.01776080 2.96295083 0.79453102 0.11194847
0.68114797 0.19107073 0.01293599 3.31679102 0.88588656 0.14472834
0.74836053 0.20249304 0.02251188 2.29178764 0.96961173 0.25016747
0.65629062 0.05019881 0.02579403 2.77348341 1.05907013 0.20553356
0.69938061 0.11172653 0.02174127 2.58906863 1.00724643 0.13479587
0.70720198 0.15514887 0.02130291 2.26315148 1.11213613 0.08523643
0.66734446 0.05491881 0.01922614 3.55923515 0.99044418 0.06761954
0.61431491 0.08930703 0.00906347 3.26178482 1.00371503 0.17276736
0.62245554 0.17015156 0.02072929 3.41092836 1.01003029 -0.00135430
0.74419856 0.09056782 0.02077111 2.82681868 0.90403511 0.15666096
0.80664741 0.14725931 0.02942805 3.29965815 0.81397167 0.21149432
0.67073829 0.05371383 0.02565293 2.31999534 1.00162367 0.09503063
0.70864989 0.17967413 0.01327989 2.97289096 0.82808085 0.08747201
0.59795424 0.13183328 0.02777770 2.60084959 0.88656891 0.18089987
0.69084892 0.17382422 0.02735162 2.52709111 1.05099869 0.03104009
0.80801429 0.14656266 0.02288161 3.10005366 0.89060579 0.06419644
0.78398748 0.04799940 0.02870864 3.83184668 1.09776991 0.06125399
0.67896875 0.04788989 0.02834692 3.17080131 0.92909110 0.22876793
0.73245817 0.10877384 0.01693635 2.42498212 0.92233956 0.02889218
0.78036182 0.09398998 0.02875794 3.85705240 1.06898605 0.05134305
0.79629006 0.12162365 0.01192842 2.36437256 0.89249440 0.10536718
0.71084804 0.11796237 0.02324252 3.34444658 0.81441031 0.08006472
0.76275232 0.18345234 0.02303806 3.49233256 1.09168509 0.24678023
0.76217366 0.19980509 0.02567946 3.48222483 0.84885437 0.13186473
0.80303203 0.08302815 0.01537925 4.09484454 1.02206930 0.24492118
0.76424352 0.15068631 0.02864115 2.16002483 0.80766865 0.01435513
0.76861323 0.18543478 0.02913583 3.44880487 1.11364905 0.22742005
0.74745137 0.14053002 0.01208198 2.92557648 0.99401747 0.10375549
0.73486768 0.06319481 0.02411789 3.00079535 1.05405680 0.00038238
0.75687460 0.16907542 0.01195018 2.79696211 0.78961492 0.04832610
0.72479183 0.11535681 0.02172831 2.43577463 0.90478113 0.23639143
0.77777165 0.17056692 0.01751496 3.04991444 0.98000401 0.14771351
0.72600279 0.04995468 0.01927317 2.42943694 1.00780223 0.15150101
0.60674734 0.15471672 0.01294638 2.24643010 1.05371544 0.14443264
0.63762382 0.06825314 0.02457175 1.96840992 0.90757879 0.15703003
0.65767124 0.11281083 0.01385433 4.00919705 1.04958232 0.07784604
0.67302440 0.11389913 0.01496070 2.60536213 1.00108189 0.14721748
0.78091465 0.19427109 0.02756684 2.62192108 1.05441963 0.23832442
0.64543378 0.15236425 0.00913248 2.85386953 0.93528535 0.03155414
0.61393584 0.08567775 0.02383339 3.68833203 1.10983249 0.01399010
0.70888483 0.10806623 0.01598677 2.14963719 0.81056793 0.18009684
0.60459845 0.08912529 0.01445741 2.24282195 0.84243383 0.21557415
0.76448856 0.13263460 0.02797916 2.30982968 0.95547148 0.11393924
0.75267091 0.11145256 0.01315698 1.91947294 1.03404048 0.25993641
0.63571372 0.20442630 0.02711874 2.24768150 0.91063768 0.24615047
0.64337899 0.09315775 0.01308600 2.20310126 0.96454252 0.21186038
0.69517767 0.05957612 0.01551200 2.28855374 0.84401765 0.18434690
0.74177056 0.20576832 0.02542086 3.30304612 1.07398948 0.24562977
0.73675282 0.06184994 0.01038725 2.00323431 1.04132864 0.10042846
0.67188068 0.20312315 0.01991768 2.14787458 1.11311563 0.13979651
0.79027047 0.14107763 0.02905612 3.25628315 0.99070129 0.03716262
0.63537124 0.16155836 0.03048114 2.20712305 0.82290412 0.21046415
0.62951431 0.07449638 0.00969139 3.20256132 0.86689456 0.02569216
0.66030326 0.14085539 0.02952922 4.04264436 0.93198445 0.24424821
0.67495868 0.13997287 0.01690014 3.12735354 0.83930077 0.01785652
0.79647674 0.06383378 0.01827892 3.04195414 0.90244740 0.00922382
0.75507730 0.13676410 0.02928409 3.27789473 0.99325835 0.04811726
0.67269599 0.12718358 0.02569843 3.23135518 0.93100517 0.03000781
0.73703463 0.12429648 0.01370683 2.45138974 0.99891096 0.21686548
0.77189976 0.12222278 0.02290652 3.90939471 0.95883193 0.23327535
0.67456741 0.16614406 0.01607561 3.09868979 0.91872286 0.26081776
0.77230652 0.05120438 0.02043162 3.93026045 1.02054650 0.21483069
0.69302985 0.11354595 0.01545929 2.54875348 0.82203522 0.24731353
0.76230094 0.18467150 0.01266325 3.26613886 1.00702883 0.17456504
0.62809114 0.12592188 0.01884247 2.15255284 0.80650901 0.18305256
0.77677870 0.17561605 0.01704720 3.76813799 1.00235636 0.01096693
0.80810039 0.19397683 0.02630982 2.98233051 0.80192115 0.17073844
0.79419738 0.14853104 0.01614659 2.51030225 0.93439975 0.25967773
0.75840830 0.10421505 0.02108882 2.65355980 0.81485317 0.12017868
0.69385088 0.08474999 0.01664349 3.19229375 1.04698729 0.02762719
0.67384094 0.16561050 0.01514927 3.39568105 0.90709252 0.15059353
0.65376666 0.14068610 0.02410542 1.92665876 0.83390901 0.22038371
