# h        omch2      ombh2      ln(10^10*As)    ns    tau
0.61795627 0.11327484 0.01182566 2.23508403 0.88311430 0.19914225
0.78627434 0.10496061 0.01192185 3.16935169 0.86956512 0.17121606
0.75922045 0.11331863 0.02195737 2.53022632 0.82292261 0.12694690
0.64773676 0.16850664 0.02014849 2.79487477 0.86506374 0.02864324
0.75385846 0.16539939 0.01241944 2.74754587 0.98353145 0.03938414
0.64997219 0.05542105 0.02729660 2.63050362 0.86988902 0.04148017
0.73115461 0.17689079 0.01198607 2.11509071 1.08376605 0.15724066
0.75098434 0.12221655 0.02832143 2.93341529 1.06102038 0.03372667
0.74047124 0.12089720 0.01249459 2.79149548 0.96413505 0.09052346
0.64965212 0.06752250 0.01477188 2.06639997 0.81472416 0.18430118
0.77485568 0.14366090 0.01083201 2.95118404 0.80699481 0.02284766
0.68398529 0.07471286 0.01504545 2.13497103 0.82599393 0.04184303
0.72154767 0.10585799 0.02611490 2.10338756 1.02252340 0.20973081
0.78524414 0.06260603 0.02533675 2.83148040 1.05657142 0.20540400
0.71376402 0.17507765 0.01218414 2.68805866 1.04326751 0.17986845
0.66192351 0.09507652 0.02569554 3.26814282 0.83711497 0.23445626
0.74494096 0.19997811 0.02350731 2.07526646 1.09075488 0.18810104
0.67486426 0.06092158 0.01947065 3.18129112 1.04847457 0.06409247
0.78497756 0.06575240 0.01529203 2.75644486 0.84302582 0.21779348
0.61757900 0.06419368 0.01512966 3.56062319 1.00269806 0.13724421
0.73056722 0.07215510 0.01578776 2.16540742 1.02509388 0.22141676
0.69266729 0.08590206 0.02582177 3.25320665 0.94283797 0.10286492
0.69694390 0.11244768 0.02562836 2.72764071 0.80743409 0.11075543
0.77593040 0.12710693 0.02118860 3.83917596 0.93024774 0.18644794
0.64902745 0.11573712 0.01141050 3.20221214 0.87988154 0.06334929
0.73744554 0.11215667 0.01490297 3.01020773 0.81199810 0.24891576
0.71346008 0.15349134 0.01711130 2.06265534 0.90193580 0.24496642
0.63452121 0.15991015 0.02521086 3.87397295 1.05359687 0.20005851
0.64234451 0.08761792 0.02541065 2.73703087 0.98501093 0.24182915
0.73017257 0.09479909 0.01658349 2.91822563 0.88938587 0.15947483
0.74852152 0.16774581 0.02663151 3.37180418 1.02747647 0.05971316
0.78773045 0.05066116 0.02748023 3.96397450 1.06640207 0.11577533
0.60782431 0.10839984 0.02109565 3.53592654 1.01572429 0.17024520
0.75483685 0.11072196 0.01695641 3.20434543 0.86193111 0.03564919
0.73294686 0.13933825 0.01854750 2.47292481 1.05012175 0.08105199
0.67735728 0.14928569 0.01706924 2.48079951 0.95847876 0.16167413
0.66629275 0.17816789 0.01804148 2.97061901 0.91592252 0.20843031
0.63521280 0.05301127 0.01255310 3.36446353 1.07745301 0.15916080
0.63039113 0.05537936 0.01778705 2.14975760 0.86061925 0.05131655
0.71756625 0.11289921 0.01384192 3.09058605 0.81795444 0.13487655
0.70798522 0.16262824 0.01998850 2.30995715 0.93011280 0.04049287
0.63791627 0.14429311 0.01615551 2.11835549 0.91474228 0.01120334
0.78014605 0.05733546 0.02675963 2.71497049 0.90515166 0.20111616
0.62274907 0.13940684 0.02809193 3.48097309 0.97873712 0.22533296
0.72297762 0.15240411 0.01132598 3.41931890 0.90728874 0.10332940
0.78804959 0.10164726 0.02864976 3.05655419 0.80286185 0.10339806
0.75619959 0.09923450 0.02392605 3.54618713 0.98950343 0.12070790
0.60946766 0.18549347 0.02485173 3.13085349 0.94140919 0.02502917
0.62067138 0.11866965 0.01231890 2.18806473 1.05022158 0.02034866
0.76373940 0.15803389 0.01448548 2.36981316 1.03087927 0.01150463
0.69751579 0.06523673 0.02617854 2.32127705 0.89468325 0.20713035
0.66258648 0.15357585 0.01835697 2.99575322 0.83244968 0.23499729
0.79390399 0.18118339 0.01367020 3.55393004 0.97383510 0.10501745
0.72225020 0.19357441 0.01365759 3.21261061 0.88026784 0.11371347
0.60508199 0.17724824 0.01167603 3.34522676 1.03548751 0.10725727
0.73823832 0.10281565 0.01656426 3.46100959 0.85883860 0.07515846
0.76208725 0.05040065 0.01057778 3.75431520 0.81327911 0.09341778
0.73483477 0.12167878 0.01523287 3.76955114 0.93123919 0.09985849
0.61040821 0.13501879 0.01908526 3.28115985 1.08903519 0.15317080
0.65128115 0.17378735 0.02724919 2.73180174 1.02289890 0.05785496
0.71961976 0.13151403 0.02942689 3.33986145 0.99945335 0.15590599
0.67638514 0.14435917 0.01763168 2.00831624 1.05415160 0.15124783
0.65835441 0.17522620 0.02248497 3.68757468 1.00951779 0.04600790
0.71904684 0.18916209 0.01041818 2.76642854 0.95025740 0.19947060
0.62354214 0.19857732 0.02227224 2.72529197 0.80803566 0.15099053
0.71094220 0.08461859 0.01533779 3.40351008 1.09665963 0.14335518
0.70621556 0.12268109 0.01974624 3.60443823 0.97427060 0.17334242
0.60933396 0.08350944 0.01347802 3.08781441 1.01066209 0.07399243
0.61029863 0.16445085 0.01809664 3.08854173 0.98824401 0.02334564
0.63613384 0.06287906 0.02548004 3.46768983 0.82787580 0.03589660
0.72924010 0.05479327 0.02930853 3.07751759 0.92389306 0.16872660
0.60177531 0.08582716 0.01394295 2.12327678 1.02819391 0.12189805
0.76599749 0.14454726 0.02881014 2.40909796 0.98423693 0.16178128
0.71117764 0.18601898 0.02878655 2.48908962 1.08465375 0.22997431
0.76932255 0.15603840 0.02441829 2.93936393 0.86438051 0.08656380
0.73037597 0.06193939 0.02033500 3.54519780 0.82741682 0.05593223
0.69816657 0.17023481 0.02902140 2.55621748 0.91704939 0.08103852
0.70825004 0.08020782 0.01875356 2.00138990 1.06048257 0.23886895
0.67275172 0.08695993 0.02210478 2.39253959 0.86152150 0.12534666
0.78144900 0.19733092 0.01028611 2.24739975 0.95191799 0.16088718
0.62946897 0.11553744 0.02612863 2.22800545 1.07234684 0.08212760
0.66684160 0.06217778 0.01827882 3.95329844 0.93500306 0.04437744
0.79320984 0.18759410 0.02259419 2.67914389 0.89782588 0.24930007
0.67144490 0.08380744 0.02312948 3.01236359 0.83898681 0.21859957
0.76701596 0.07087392 0.01026117 3.22177960 0.82437793 0.15340021
0.74985936 0.08080284 0.01541718 2.15367978 1.00859411 0.07778401
0.76881811 0.09589414 0.01696929 3.32437812 1.02043144 0.09899433
0.71996353 0.09013250 0.02445932 2.91723303 0.95629343 0.19905523
0.73237445 0.18480021 0.02649336 3.31180524 0.98619254 0.19805403
0.60614680 0.06339879 0.01257679 2.14678553 0.92931676 0.03295776
0.75532137 0.08289049 0.02862711 2.08562004 1.03886805 0.24259129
0.78260991 0.05647383 0.01552051 2.13189528 0.89548910 0.15526427
0.60417549 0.05483510 0.01968241 2.98854878 1.00903378 0.14489829
0.67795655 0.12802322 0.02085678 2.81267211 1.02738382 0.14261914
0.63072303 0.08625270 0.01633398 2.81450517 0.96050258 0.09583225
0.69821076 0.18209120 0.01867415 3.25845853 1.06242168 0.11283313
0.79046173 0.15573891 0.02851054 2.86609056 0.91390764 0.23363383
0.65388367 0.18140933 0.02379569 3.97444635 1.05138471 0.17869958
0.60693315 0.19821947 0.01416402 3.41718096 0.89292444 0.19765391
0.63152972 0.17951139 0.01038088 3.56686544 0.96386856 0.13816551
0.79127075 0.15790184 0.01337479 2.36579718 0.99420520 0.17081125
0.75895150 0.13297142 0.01278490 2.23919444 1.08848128 0.11348669
0.67870708 0.09465313 0.01128370 2.29702458 1.06467149 0.16791141
0.68811203 0.19797588 0.02505479 2.35702147 1.05911286 0.11299460
0.66810601 0.19333171 0.01215320 2.70499259 1.02645893 0.11514864
0.60662340 0.10697163 0.02229869 3.94077871 0.82273128 0.22448042
0.60547662 0.06959652 0.02924384 3.05001277 0.99408904 0.15880659
0.78259605 0.11161909 0.01497200 3.11693531 0.88962980 0.14926816
0.79251763 0.19503957 0.01071037 3.96175503 1.06835236 0.09075231
0.63874088 0.10367932 0.02122061 2.80664999 0.88260883 0.13603719
0.75851663 0.09129685 0.01893663 2.65459822 0.88976878 0.05295711
0.77026580 0.14937427 0.02905413 2.70911265 0.87702305 0.01756952
0.68489025 0.16439611 0.01901810 2.20627616 1.01264238 0.05999665
0.79593659 0.11644060 0.01174183 3.11043082 0.88456871 0.08528919
0.74081445 0.09684803 0.01923214 2.69797098 0.83577644 0.05509224
0.62440346 0.11002522 0.01890335 2.85104136 0.87529061 0.07365158
0.63829958 0.09942367 0.02143241 2.48241820 0.89421525 0.07042654
0.79786108 0.06811560 0.02106859 3.55702008 1.07277484 0.10111732
0.77436078 0.05219580 0.01753882 2.76456916 0.85082776 0.01509739
0.68513471 0.14086226 0.01187387 3.76653667 0.96322138 0.14227447
0.68001867 0.16326673 0.01393075 3.32225126 0.84483486 0.19603618
0.79226691 0.12894225 0.01678731 3.91999178 0.88586324 0.21853327
0.61625481 0.05782468 0.01882922 3.68548724 0.91823448 0.15367407
0.73860056 0.15155756 0.02486974 2.54874264 0.91250566 0.21927104
0.71215144 0.08772088 0.01566109 2.80454916 0.92857500 0.20180625
0.69067422 0.17415903 0.01887262 3.64603468 0.91191943 0.06472918
0.77841697 0.12789978 0.01832324 2.41616832 0.85197096 0.13941609
0.64544111 0.13786527 0.02072334 2.68020981 1.09462031 0.13112509
0.64832400 0.15934419 0.02286300 2.88845704 0.99076270 0.18339185
0.64863736 0.05245954 0.02913753 3.37986438 0.89899725 0.07603981
0.68034991 0.10989048 0.01973173 2.81860419 0.92761366 0.24471736
0.68529812 0.16275686 0.01042999 3.56423843 1.03723223 0.03523764
0.65927760 0.07915553 0.02472076 3.92874691 0.80174731 0.10543110
0.74291682 0.11424852 0.02825474 3.76427389 0.95339726 0.19155626
0.60332018 0.14836916 0.02102044 3.35510694 0.81868937 0.23197165
0.76854615 0.12850790 0.01072608 2.83701856 1.04924222 0.20223058
0.70392482 0.17210181 0.02494763 3.21968532 0.83290144 0.16225491
0.65202282 0.05829211 0.01094777 2.40539912 0.98326930 0.04036366
0.70514062 0.18303387 0.02745096 3.59167149 1.03684878 0.24559925
0.77686475 0.16503649 0.02001653 2.68440643 0.83148446 0.20823966
0.76994501 0.07561775 0.02710010 3.48625958 1.02207862 0.19312478
0.74435092 0.14167350 0.02489845 2.83381546 0.96023309 0.13998543
0.75942856 0.12522037 0.02573646 2.70027125 1.03649943 0.21792665
0.66090147 0.13479683 0.02836751 3.47344686 1.06862248 0.14827269
0.75827767 0.15142330 0.01300005 2.87276290 0.89936419 0.06142441
0.73144126 0.08115888 0.02752698 3.14722291 0.88894539 0.07297682
0.63928207 0.07190040 0.02459503 3.86145001 0.86685915 0.06189033
0.76086390 0.19618261 0.02428387 2.80244917 1.08614903 0.15851576
0.60245091 0.09915722 0.02190371 2.92541859 0.81687651 0.11811328
0.63372710 0.06409708 0.01698143 3.32738108 0.91912901 0.15377722
0.74718660 0.07170184 0.01289432 3.46551360 1.00640715 0.19732015
0.60897533 0.16298630 0.01116537 2.15075800 0.98578910 0.23084460
0.60867180 0.05509495 0.02420467 3.44066789 0.92394019 0.18209794
0.79061295 0.09744311 0.01189486 3.79671315 1.01365418 0.14523271
0.76912070 0.15408417 0.02155231 2.97882179 1.00047533 0.22515716
0.79758829 0.09734259 0.02578468 3.15019489 1.02412669 0.18525942
0.67104175 0.14551939 0.01408501 2.38717811 0.98025852 0.10702478
0.68088826 0.13383829 0.01190135 3.09988638 0.99036114 0.01264982
0.72570621 0.05126219 0.01954011 2.52264646 1.01712967 0.07689298
0.71694943 0.10195943 0.02168668 2.06125141 1.07959915 0.16741580
0.75438340 0.15288349 0.01703772 3.50123292 0.84406599 0.01793550
0.64074533 0.15955697 0.02976486 2.46679740 0.94012750 0.01601834
0.63463068 0.18065879 0.02966564 2.05282668 0.99000963 0.13696992
0.66289233 0.17327023 0.01942139 2.30352291 0.85358118 0.17261219
0.78295642 0.08410980 0.02438204 2.08797092 0.94625318 0.23614869
0.76519514 0.07579243 0.01203495 3.47584747 0.95062152 0.02310890
0.64539413 0.19769666 0.02172497 3.98842585 0.95703778 0.23147195
0.63335393 0.19214849 0.02243671 2.44925186 0.94753354 0.24437188
0.70377625 0.12980635 0.02692503 3.31562572 1.06793986 0.24698557
0.78515580 0.09620887 0.02595143 3.67182199 1.00229773 0.15789187
0.72866999 0.12502550 0.01145757 2.21806907 0.86325128 0.07331348
0.60188297 0.11932822 0.01926937 2.61688539 0.85582160 0.24752818
0.70224286 0.10452704 0.01100202 2.27270292 0.81022121 0.11151385
0.63626090 0.16161243 0.01328481 3.02890506 0.90492423 0.08135820
0.62858867 0.07436851 0.02417127 3.23129782 1.00539661 0.18311051
0.66718284 0.13470729 0.01896920 2.93044678 0.84527610 0.08074519
0.61127718 0.06096235 0.02374394 2.37697906 1.04298818 0.08165478
0.71554741 0.17353445 0.02117139 3.59711696 0.83811687 0.07721108
0.62691787 0.12587385 0.02067314 2.72337405 0.91985080 0.08371923
0.70300201 0.08742990 0.01432948 2.38892728 0.99195142 0.09562003
0.76837500 0.17764696 0.02593274 2.47484158 0.92011890 0.19672354
0.76815440 0.10663445 0.01444994 2.55288702 0.82520322 0.05512679
0.65370245 0.15371660 0.02121979 3.62468707 1.09227948 0.14708108
0.77561834 0.08214298 0.02597495 3.71851203 0.88551309 0.17348157
0.75033947 0.19564910 0.02134518 2.85344732 0.84033486 0.23257281
0.79669928 0.18967024 0.01263628 3.27425704 1.01612827 0.21673735
0.70717789 0.14789807 0.01748177 3.10808442 0.87368658 0.23407009
0.68896593 0.07825413 0.01236098 2.41156717 0.99498914 0.21496553
0.69168711 0.11314377 0.02985452 3.81090336 1.06610938 0.12400204
0.72217565 0.06680387 0.02983282 3.30377230 0.99234600 0.03855958
0.63087356 0.15463655 0.01914699 3.83655346 1.09631099 0.02636853
0.76238253 0.13026451 0.01419756 3.60119703 0.84564933 0.20461610
0.67087605 0.07900974 0.01693521 2.14470393 0.95555637 0.15491338
0.61419848 0.09289244 0.02346488 2.84841022 0.86220211 0.09392903
0.65706320 0.15826875 0.02971648 2.67204607 1.01820524 0.04009156
0.69139163 0.13103682 0.01576911 3.68935211 0.93268693 0.19054175
0.65948034 0.10973253 0.01363747 3.95192662 0.85284034 0.24532258
0.63183997 0.16873540 0.02923587 2.98213416 0.86370352 0.14605888
0.67539962 0.05901521 0.02647171 3.19098988 1.05262780 0.17445523
0.67607685 0.19250759 0.02163866 3.41146519 0.82841252 0.23825894
0.63426666 0.11956599 0.02623248 2.45683059 0.89403875 0.08422134
0.66539878 0.05163483 0.01161531 3.99732526 0.93217457 0.03078677
0.77734988 0.11125172 0.02175654 3.53308782 0.98459768 0.22783770
0.64755390 0.16577241 0.01048995 3.99136694 0.88425581 0.19085521
0.62478023 0.09835637 0.01136796 2.25597671 1.02016810 0.23768239
0.66759098 0.13614135 0.02410232 2.56047230 0.81641473 0.17707483
0.73922317 0.19346641 0.01032056 3.74730018 1.01042527 0.19127196
0.74547467 0.12251987 0.02509507 3.45045133 0.98541210 0.22689285
0.70258423 0.13521705 0.01550075 2.29911094 1.02925952 0.08984623
0.68657868 0.12102763 0.02513150 3.29649499 0.89529649 0.24624015
0.62672016 0.15292481 0.01135592 3.35732327 0.82221277 0.05311085
0.67471303 0.06724961 0.01138147 3.84361559 0.94248634 0.01246488
0.79680231 0.05418028 0.01880821 3.93470380 1.09776389 0.17236846
0.73904304 0.05372692 0.01636790 2.52934363 1.06039794 0.22229835
0.69140899 0.09959012 0.02396886 3.67207792 1.04236476 0.17735935
0.63490967 0.10463528 0.02065368 3.63829891 1.00686277 0.20273786
0.66831579 0.15247441 0.01638395 3.80322500 1.08401774 0.13414676
0.61579097 0.10629629 0.02147452 2.49574634 0.86144639 0.14768670
0.79012446 0.10896403 0.01126504 2.85552502 0.97568690 0.15278973
0.78945501 0.11149322 0.02503680 2.75039107 1.01450091 0.03752161
0.65113478 0.10831175 0.02765946 3.85579269 1.09335102 0.05000930
0.71570749 0.19421520 0.01932062 3.38461691 1.02113645 0.22620764
0.62745384 0.14067810 0.02803164 2.57003979 0.99701862 0.24099307
0.78982437 0.16562097 0.01420266 3.31978913 0.81838262 0.05414013
0.77677834 0.05524154 0.02388553 3.77153094 0.81998978 0.20254183
0.70598148 0.13091338 0.02003905 3.61815862 0.84336042 0.01629067
0.65606868 0.19434248 0.01940161 2.14218651 0.86457722 0.17498388
0.75965166 0.17873888 0.01953366 2.31029883 0.84073534 0.24575443
0.75711643 0.17969091 0.02777112 3.18222455 1.04664679 0.21067573
0.72099705 0.07343856 0.01429599 3.42061477 1.07820747 0.23664702
0.71192786 0.16706159 0.01861076 3.76282279 0.89728897 0.17623545
0.69629414 0.19728103 0.02126541 2.56468220 1.00039740 0.22723107
0.78541898 0.19171288 0.02097473 3.58862785 0.96163914 0.23583212
0.74104534 0.08237047 0.01399575 2.88277223 0.97435471 0.21704467
0.70442597 0.15968234 0.02327807 3.64958018 0.87308162 0.22078363
0.74074559 0.09050984 0.02499290 2.35028592 1.05258164 0.16512988
0.60531661 0.19078407 0.01847715 3.38166146 0.80932739 0.22313786
0.76301763 0.09081466 0.02556369 3.47176007 0.93180321 0.17796044
0.73847692 0.07330492 0.02092853 3.38210339 0.95147962 0.23655721
0.63767130 0.17132397 0.02974165 3.40774771 0.96654669 0.15757574
0.62780275 0.12057209 0.02948257 3.63550010 1.08490061 0.09598055
0.69656945 0.18081332 0.01629808 2.38382570 0.94271284 0.13690694
0.65919364 0.09234177 0.02138765 2.51644649 1.08886999 0.22751770
0.70189749 0.07139441 0.01599319 3.54012847 0.81950796 0.05541694
0.69882476 0.06028884 0.02289043 3.99898439 0.85156877 0.20373003
0.75405787 0.09101933 0.02268152 2.84694217 1.00834939 0.15672925
0.73796802 0.05696665 0.01341720 3.68269156 0.86868741 0.10127739
0.63674916 0.17575650 0.02284858 3.60232862 1.02446589 0.10633703
0.74385772 0.11693763 0.01727335 3.23253982 1.09684403 0.20673654
0.77008673 0.16660205 0.02257776 2.77085413 0.81931822 0.24770535
0.76956074 0.05854322 0.01950437 3.04735320 0.97927043 0.14956350
0.62186873 0.15317723 0.02770494 2.90282341 0.97638628 0.24666165
0.64152725 0.18770484 0.02650932 3.13761255 0.89490599 0.17840649
0.61606874 0.13557672 0.02868652 3.24478114 0.81294005 0.20951020
0.64482540 0.13235989 0.01105311 2.70345944 0.90269594 0.22922806
0.61835349 0.18857754 0.02937257 2.67687069 0.89985314 0.06117232
0.62107373 0.07104249 0.01122523 2.28711328 0.90309706 0.08715986
0.71534771 0.15091832 0.01631245 2.99085221 0.82198036 0.01295467
0.70121625 0.09120536 0.01130272 3.80831746 0.94498284 0.20622561
0.64950791 0.18127301 0.02857140 2.94250789 0.99619299 0.06281524
0.74016043 0.11904255 0.01242963 2.09170350 0.90037558 0.09025974
0.63311115 0.12775323 0.01820401 2.77266417 1.08233082 0.02140569
0.62369612 0.15942767 0.02629011 3.57744715 0.91402461 0.03428553
0.68260071 0.06573936 0.01306981 2.76909715 0.90132575 0.07968381
0.65275519 0.13644449 0.01716719 3.98037226 1.03914002 0.05440497
0.62725654 0.16590582 0.01714555 2.45969175 0.82121083 0.04409102
0.66676837 0.06611017 0.01987927 3.57121305 0.99298415 0.18611095
0.77908422 0.16370466 0.01600235 2.29330421 1.04793043 0.17433695
0.77639178 0.08873361 0.02780372 2.59690948 0.88346002 0.13904685
0.68758089 0.16367752 0.02475699 2.49930655 0.93238180 0.07762939
0.64190046 0.17248329 0.01811211 3.49150517 1.04756819 0.20599594
0.66073715 0.19520012 0.01483939 2.05187859 0.98857686 0.21746055
0.75652791 0.08512241 0.01226151 3.43157724 1.07594988 0.16349223
0.61688441 0.09613804 0.01397686 3.72493092 1.07104124 0.07221254
0.73070460 0.16983316 0.01353767 2.45014282 0.94397364 0.16803807
0.67718299 0.19838834 0.01358673 2.59122952 0.99446398 0.17533401
0.65316966 0.13699004 0.02889187 3.01619208 1.01511283 0.21988222
0.79542011 0.17393475 0.01802137 2.88451962 1.07009373 0.12833912
0.67212368 0.05638122 0.02980765 3.52017570 1.07473912 0.21130909
0.76044859 0.16921137 0.01660224 2.07620502 1.05226888 0.09227241
0.78419923 0.15195945 0.02633355 3.64284669 0.97548720 0.17198310
0.74635135 0.11753577 0.02742900 3.67691783 1.06250960 0.02724835
0.63396304 0.07492186 0.01857822 2.23007862 0.97775464 0.01688427
0.76381086 0.07628471 0.01745729 2.33401828 1.00477558 0.13814882
0.63812757 0.06365598 0.02307407 2.19640024 0.88375443 0.03126794
0.79707293 0.12170071 0.02766459 3.72232988 1.03489939 0.11213167
0.61380328 0.06245143 0.02554783 2.41430475 1.03205831 0.07670867
0.67036521 0.08537892 0.02636734 3.06120661 0.95570579 0.05953447
0.69401009 0.10123337 0.02901534 2.88746188 0.95465875 0.18556806
0.64179610 0.11986376 0.01037787 2.99856837 1.07843814 0.05891740
0.69498442 0.09315823 0.02178601 3.82154202 0.96628417 0.10838456
0.74241705 0.18658470 0.01895324 3.63762379 0.90424646 0.02689417
0.69978342 0.08007381 0.01268422 2.90519657 1.00341173 0.24044001
0.72068721 0.13580090 0.02834258 3.08021856 1.05822141 0.24130297
0.75799330 0.14594875 0.02267705 2.18251536 0.85774430 0.01366222
0.73983594 0.19059670 0.01517570 2.74829014 0.82463375 0.08603468
0.67167906 0.13678955 0.01181204 2.17772205 0.81899559 0.21809007
0.77516690 0.15535356 0.02356261 3.22976285 0.90250724 0.07948206
0.62409350 0.19974119 0.02819510 2.03870783 0.80833293 0.12914454
0.68871689 0.08394892 0.01663139 3.60863728 0.84227491 0.21142218
0.65581934 0.19007452 0.01470041 2.29100458 0.91109816 0.03953930
0.63897399 0.13865982 0.01586407 3.73224890 0.86297182 0.01853475
0.69849360 0.18412738 0.01919173 3.19267422 1.01875673 0.02601288
0.67281479 0.05806420 0.01216083 3.14999751 0.81725513 0.03010140
0.64357820 0.14879196 0.02952734 2.16604768 0.88634688 0.06304149
0.66012482 0.10684847 0.01989969 2.01483646 0.88205564 0.23241342
0.70105837 0.11264686 0.02006889 3.24049476 0.83195426 0.15450647
0.74602485 0.09324501 0.02961861 3.97102467 0.85512496 0.20019065
0.71803941 0.07241841 0.02718515 3.31278863 0.93605305 0.10674223
0.66169683 0.06874355 0.01061960 2.87868388 0.98533664 0.22659071
0.70357441 0.07228978 0.02039785 2.33394687 0.87727381 0.01420681
0.72667792 0.16206989 0.02654295 3.26567208 1.01168768 0.19423234
0.61546597 0.06945272 0.01200612 3.84071805 0.98062687 0.08816710
0.70065428 0.15443164 0.02376949 2.76138895 0.99543685 0.03045877
0.78841508 0.08712925 0.01976752 3.49624850 0.92575331 0.22108824
0.65981990 0.11876158 0.01209444 2.39720391 1.04038266 0.24962775
0.75175407 0.10529835 0.02546334 2.42305614 1.01745666 0.12033392
0.60748048 0.16899833 0.02478128 3.16788794 0.96872005 0.16276306
0.75917347 0.18680998 0.01305482 2.61397405 1.04368327 0.15159456
0.73558863 0.11566177 0.02371692 2.38124909 0.94204213 0.12680848
0.71660991 0.13738601 0.02171014 2.05943311 0.83342664 0.13974273
0.60303969 0.08209840 0.02658544 3.34672691 1.05444472 0.09748175
0.71511424 0.05050125 0.02701552 2.37395169 1.09987202 0.17000345
0.74315778 0.12278498 0.01788246 2.97280142 0.98211945 0.13301694
0.71276594 0.07446754 0.02426228 2.08294145 1.06492100 0.19555278
0.64890647 0.18880976 0.02705256 2.86590823 1.00290094 0.06994148
0.62871029 0.12836618 0.02185808 3.27122665 1.03035866 0.17073937
0.69513427 0.09245230 0.02929673 2.86949995 0.90808052 0.02210570
0.79952144 0.07368412 0.01494110 3.06533410 0.86565041 0.18884394
0.68052169 0.15770933 0.02932513 3.52461462 0.91451842 0.06758423
0.79195235 0.14318889 0.01151168 2.62415749 1.04139190 0.21467412
0.66871326 0.10885534 0.02214332 3.67559413 1.06280059 0.07870711
0.78302357 0.17204757 0.01871646 2.33176841 1.09609371 0.06513723
0.71018455 0.13312516 0.01651074 3.20947790 0.92664558 0.17814781
0.60853248 0.18801751 0.02434496 2.30172629 0.87577784 0.07820832
0.66917283 0.15878371 0.02861796 2.90712478 0.87673906 0.14156123
0.67042863 0.11345211 0.01705005 3.37558285 0.90217723 0.12330357
0.64812608 0.06603610 0.01465178 3.15904239 1.07373757 0.12931302
0.75800598 0.13267848 0.02052290 3.51961122 0.83549876 0.15411119
0.68111919 0.10817958 0.02380809 2.30741558 0.82043062 0.12257218
0.68357241 0.05278561 0.02668842 2.41316354 0.88513216 0.12831577
0.77648749 0.10153380 0.01458378 3.70082677 0.97496376 0.24413447
0.66112067 0.07795372 0.01487189 2.02823685 1.06682509 0.06086978
0.62616080 0.12049479 0.02517868 3.58769157 0.99270535 0.09713528
0.61669604 0.10616608 0.02518750 2.78420387 0.83932351 0.17666998
0.65624432 0.09420227 0.02090740 3.83438470 0.91956356 0.02388036
0.72657215 0.19601763 0.02069019 3.26736938 0.80327256 0.01542862
0.61093267 0.16880788 0.02727746 2.64847314 0.96534542 0.12236907
0.62573602 0.15918460 0.02525755 3.57280496 0.81422965 0.12564437
0.78174643 0.09490859 0.02337609 3.12181740 0.90089440 0.08042806
0.72983940 0.15579166 0.01239932 2.58036463 0.91882568 0.21231375
0.67646752 0.19946061 0.01970393 2.99734204 0.88059156 0.24919988
0.79875711 0.11806201 0.01479510 2.33798138 0.96138026 0.04129168
0.75465957 0.12560587 0.02768422 2.85812316 0.82418505 0.04215670
0.78575099 0.13819998 0.01369056 3.47967846 0.89009169 0.10249300
0.73586397 0.15499508 0.01560440 2.83573019 0.84357646 0.08992745
0.76746776 0.14288145 0.02031051 2.74031417 0.82880426 0.22202040
0.65461566 0.07310735 0.02198577 3.91242100 0.90923288 0.13469286
0.77241491 0.16808809 0.01389769 3.04324592 0.91535685 0.13582665
0.64459258 0.15527974 0.02234832 2.62195675 1.07433469 0.21393627
0.75759829 0.18539358 0.02404969 3.93675724 0.94403396 0.05817797
0.71837464 0.16421599 0.02412779 3.38602918 0.93868301 0.14880469
0.61509467 0.09659879 0.01407030 2.73444609 0.81068509 0.10431150
0.74794526 0.16515514 0.02036435 2.52547548 1.01509065 0.12768857
0.71294911 0.17372835 0.01868111 3.23797370 0.87229547 0.15518636
0.63358073 0.05019979 0.02145371 2.19308019 0.98374197 0.01915587
0.73444806 0.19922999 0.02026123 2.09450665 0.87142408 0.03672139
0.73805018 0.11926497 0.02029539 3.64088503 1.08642691 0.14439285
0.77108268 0.05444068 0.01960935 2.48604917 0.85842072 0.16627788
0.77814325 0.16729394 0.01511233 3.99526965 0.86537993 0.21534396
0.64605857 0.19703648 0.01635818 2.84224115 1.01945583 0.06712351
0.64394794 0.12553351 0.01618107 3.00322363 0.81572937 0.08028172
0.73655921 0.17924699 0.01235985 2.20451574 0.84447873 0.21304842
0.69377304 0.14343271 0.01939119 2.56824978 1.05175882 0.19196528
0.60652453 0.17271101 0.01286065 2.50557022 0.91689891 0.10938483
0.68301035 0.08968574 0.02423965 3.23517264 0.84713345 0.06692835
0.69021681 0.07547799 0.02895656 3.96718383 1.08097873 0.17210429
0.67018870 0.05708704 0.01873699 3.43360502 1.04463801 0.07122756
0.66264171 0.13459844 0.01737958 2.66286075 0.90587173 0.06588493
0.73126830 0.07267191 0.01966985 2.73941087 1.00137747 0.19505831
0.73249734 0.17191867 0.01324030 3.36095999 1.04005198 0.17582277
0.72539724 0.09778798 0.01222882 2.19838264 0.99712210 0.18127374
0.72908496 0.17053698 0.02321246 2.26093398 0.95922869 0.08901340
0.65867810 0.19514080 0.01546395 3.59998504 0.89228618 0.04796550
0.70924399 0.13540636 0.02363657 2.97696075 0.90597779 0.08467200
0.77614321 0.05581145 0.01985371 2.04738089 1.05997571 0.24651476
0.60991989 0.08156779 0.01879115 2.05604379 0.98640268 0.03308044
0.71391084 0.18234229 0.02600535 3.28391878 0.93779488 0.15301658
0.61293219 0.18492181 0.02270254 3.03061866 0.91662263 0.16956771
0.61917242 0.08473425 0.02882660 2.02120029 0.82972786 0.14442869
0.65656816 0.12452971 0.02917652 3.03396046 0.81249659 0.02949308
0.62317324 0.07034826 0.02348746 3.79177339 0.97114036 0.21340026
0.66485249 0.05453713 0.01898073 3.58188017 1.06889728 0.03781824
0.62177449 0.16985741 0.02972260 2.75281020 0.80100351 0.18197785
0.68243586 0.14348718 0.02012236 3.10421158 0.93967785 0.09369777
0.70579238 0.12023897 0.02140522 2.94857954 0.95648343 0.12139583
0.73702549 0.09184047 0.02298248 3.62107487 1.06948810 0.14116414
0.64026896 0.08340094 0.01680439 3.20772867 0.85702404 0.06108953
0.71030926 0.18574128 0.02558932 2.32595299 1.06166204 0.06357722
0.67664485 0.10422590 0.01559216 3.88839883 0.99644415 0.06522165
0.62093129 0.18008139 0.02605882 3.51434774 0.95745874 0.20528041
0.77785958 0.14019025 0.01767450 2.49150410 1.03292198 0.02665514
0.60975949 0.16292700 0.01669983 3.56233242 1.07196515 0.08837623
0.69191034 0.14619546 0.01646770 3.72069740 1.04502354 0.14034906
0.65555635 0.13328087 0.02332950 2.21276253 0.95150149 0.02397805
0.75379532 0.17445631 0.02899505 2.64400973 0.86011380 0.14688674
0.74469815 0.12113817 0.01391970 2.26704728 1.05755622 0.11693732
0.61815325 0.12376257 0.01640256 3.86474635 0.83642757 0.03178198
0.78190891 0.10513425 0.02201371 2.64040179 1.00933493 0.19233295
0.60379062 0.18260799 0.02585508 3.53721918 1.00735172 0.07815773
0.62896757 0.16752542 0.01580887 2.95983436 0.80519591 0.20095592
0.64566056 0.17661265 0.01108670 2.79693105 0.84790213 0.19966213
0.77368156 0.16681891 0.02005926 3.25762489 0.80439634 0.22386472
0.75860785 0.05340045 0.01548632 2.03500386 1.08962594 0.21262734
0.61214768 0.16310535 0.01446978 2.67113343 0.80068156 0.04352232
0.71229060 0.12680725 0.02457921 2.45527545 0.93703407 0.11758593
0.72305898 0.18047246 0.02873865 3.73758886 0.88235432 0.02456218
0.74536628 0.19227504 0.02360293 2.22618557 1.04820137 0.06875112
0.71947991 0.18215158 0.02083490 2.71387343 0.90558372 0.05619207
0.79305257 0.05346290 0.02885439 2.09234697 0.97897747 0.09406267
0.71304686 0.09761404 0.01807847 3.88599785 0.92977025 0.12474676
0.60837902 0.18948837 0.01816965 2.77935176 1.00457287 0.14291681
0.74265048 0.10404481 0.02870695 3.16547557 0.97656720 0.15781237
0.60427615 0.11417558 0.01229597 3.91479640 0.94049288 0.01968281
0.77087521 0.11017074 0.01739490 3.77532652 0.86836813 0.10443814
0.69582854 0.17466262 0.01177844 3.55953462 0.80396474 0.13362149
0.60064694 0.17592918 0.01339811 3.26178532 0.89921034 0.21727102
0.79658953 0.12415439 0.01280167 2.01296892 0.80634143 0.13173403
0.66549507 0.07387633 0.01404930 2.18622620 1.08139602 0.11443738
0.74653955 0.05932431 0.02842633 3.95835934 1.06420195 0.04899553
0.77408457 0.16630366 0.02132537 2.73358482 0.95326618 0.21622392
0.75621597 0.16835277 0.01058020 3.27738881 0.94984246 0.20423930
0.70481860 0.16652496 0.01457027 2.60470074 1.08158659 0.22364164
0.75661818 0.07894066 0.01877523 3.97883800 0.93802020 0.21480523
0.67074170 0.15478131 0.01232838 2.96169283 0.83526424 0.07096169
0.79565400 0.07981526 0.01069810 3.70694127 1.06437255 0.06397624
0.69086753 0.10963167 0.02844594 3.54227170 0.96829915 0.22256466
0.78054225 0.06308578 0.02536940 2.89072444 0.92569206 0.04679136
0.64668230 0.10435103 0.02918131 3.39348695 1.06733684 0.02199631
0.61181891 0.18173187 0.02681877 2.92382731 0.89034688 0.04489617
0.62822979 0.06509939 0.02897628 3.73542508 0.89862614 0.03817018
0.78798796 0.17845233 0.02867964 3.90838324 0.80201989 0.18988053
0.65662496 0.07807489 0.02660858 3.08211746 1.06708835 0.01224716
0.71439588 0.10397190 0.01067506 2.96482538 1.04525789 0.22001862
0.62929733 0.17615172 0.01157777 3.32071309 0.93433925 0.16542405
0.78932892 0.15734155 0.02415857 2.54250496 1.07417824 0.08881864
0.62029576 0.05145145 0.01720101 2.44372249 0.83509672 0.19359097
0.79467080 0.11611303 0.02136001 2.28047673 0.95282641 0.10062805
0.67818323 0.18588402 0.01741358 2.55828846 1.05088499 0.08564417
0.70980564 0.05674826 0.02796058 2.17352276 0.87459450 0.05122663
0.76520966 0.07593960 0.02282837 3.70820653 1.02197410 0.20646904
0.76720055 0.10307996 0.02736948 2.60100363 1.05887882 0.23792917
0.63963885 0.15705109 0.02682413 3.62699396 0.89139354 0.11248786
0.72684875 0.06496578 0.01862084 2.25119922 1.09512548 0.10789116
0.76186553 0.10253430 0.02534468 3.10395439 0.96100551 0.16050114
0.69908704 0.05002419 0.01813793 2.53903255 0.87534653 0.05840137
0.75148138 0.11999744 0.02914470 2.43637053 1.02887718 0.09232584
0.71461993 0.06483293 0.02665390 2.41994678 0.92525863 0.17902180
0.66646741 0.10032759 0.02723471 2.38521431 1.05623180 0.04847171
0.65256722 0.15679222 0.02690082 2.65895286 0.86788429 0.09093459
0.64434680 0.05960042 0.01667769 3.36231382 0.93925854 0.10224545
0.72780808 0.12828501 0.02251790 3.69562570 0.92442097 0.11195229
0.75186686 0.17309819 0.02667592 2.80075706 0.84654335 0.24064498
0.61231589 0.17601820 0.01158968 3.82749378 1.07355579 0.16362824
0.61704373 0.12864299 0.02989493 2.12130889 1.08738017 0.21655314
0.70015884 0.06734624 0.01266849 3.03409942 1.00994253 0.04756317
0.73416937 0.15321998 0.02800784 3.83395901 0.95889132 0.14562098
0.64581457 0.09390773 0.01096295 3.49434986 0.89604490 0.03642903
0.76105693 0.06647841 0.01006258 3.36703148 0.82137105 0.19280664
0.76014879 0.17545650 0.02018671 3.07400525 0.85043870 0.05229630
0.61277901 0.11782099 0.01815138 2.47783943 0.84691797 0.16612313
0.76344083 0.12889181 0.02956385 2.53666122 0.81595403 0.17697035
0.66723790 0.18896346 0.01689356 3.72685739 0.87871045 0.14609016
0.73308258 0.05986422 0.02762202 3.80472784 1.09193103 0.01016702
0.60492038 0.14135605 0.01331785 3.88268431 0.82644643 0.22560659
0.72388000 0.14414775 0.01797035 2.59417891 1.08655953 0.04252085
0.70689338 0.11493263 0.02876699 2.21554390 0.87742732 0.01829677
0.60157132 0.14807513 0.02491094 2.00238275 1.00564196 0.01663957
0.74378111 0.13408294 0.02500112 3.29895530 1.09406288 0.03614350
0.62147956 0.15061222 0.01723266 3.98497447 0.90677340 0.02236381
0.74592321 0.19896264 0.01047236 2.82966264 0.91061665 0.20044986
0.61643968 0.14584677 0.02050083 3.75962379 0.97220890 0.12168362
0.76256390 0.11037054 0.02944887 3.02238667 0.94184928 0.24355589
0.74221235 0.08937167 0.01610487 2.94082412 1.08415011 0.12314144
0.77357451 0.13656457 0.02437843 3.40588951 0.87093866 0.11335743
0.75250818 0.06430707 0.01315636 2.23651391 1.08792679 0.18368145
0.73204564 0.19587797 0.01795780 3.61697432 0.83022300 0.12390536
0.70331852 0.16088818 0.01379119 3.97368807 0.94591886 0.20492736
0.72970043 0.05396346 0.02734499 3.52977556 0.81014540 0.10623422
0.63841299 0.17460580 0.02707139 3.21504132 1.01005317 0.01344839
0.63702385 0.07691230 0.02715002 3.64540441 0.87074265 0.23112739
0.62239874 0.14643504 0.01091394 3.61150342 0.84901406 0.24977220
0.68923997 0.10226157 0.02855935 3.69997580 0.97141475 0.22293235
0.67333119 0.13751939 0.01769562 3.71039555 0.97185026 0.19491697
0.66568003 0.07412720 0.02543107 3.53921333 0.92155929 0.12575535
0.76416027 0.08984486 0.01484907 3.76064990 0.81662308 0.19450626
0.74029174 0.10138358 0.01653930 3.39020574 0.99330014 0.09267359
0.69116631 0.10577100 0.01121620 3.35807879 0.82550889 0.19254728
0.63172564 0.11651110 0.01945206 3.15603671 1.09529250 0.17369551
0.63251849 0.16248670 0.01563480 3.53078094 1.04430464 0.11599804
0.60727821 0.06042680 0.02322827 2.10144048 1.03584988 0.23941296
0.77974609 0.07083783 0.01502633 3.24783127 0.80671896 0.09502395
0.75133778 0.13119946 0.01609567 2.62780363 0.88488730 0.13551976
0.69249432 0.18729427 0.01092865 2.33862889 1.07568243 0.16477829
0.78609754 0.07013356 0.02969173 3.52761720 0.96590142 0.03092323
0.65751715 0.09303174 0.01401265 3.09308516 1.09555358 0.08946377
0.69573670 0.08828210 0.02301682 3.46270103 0.80597984 0.13034691
0.78465779 0.13217800 0.02291903 3.06863092 1.02952448 0.18934153
0.78338374 0.05894603 0.02618449 3.51266006 0.86659327 0.22421267
0.66888911 0.11746286 0.02158593 2.30504841 1.09132974 0.19816055
0.66305830 0.09353391 0.01442211 3.44708424 1.09951671 0.15652922
0.62715765 0.06766554 0.02696649 3.74251278 0.88143252 0.20079127
0.78093159 0.12590301 0.01664703 3.39443088 0.97705253 0.10669248
0.79810133 0.14219945 0.02220909 3.11838100 0.83917692 0.17943854
0.75766107 0.05946385 0.01001432 3.16312114 1.02559354 0.05693048
0.70035189 0.19149055 0.02372467 2.24211723 1.02361443 0.14060492
0.74738300 0.07725151 0.02551007 3.51778415 1.07484164 0.18732227
0.67358283 0.13791351 0.02859911 2.53270318 1.08997493 0.23604871
0.65459571 0.10048976 0.02025504 2.78024788 1.01447610 0.06249855
0.77260384 0.11835135 0.02890162 3.56894992 1.05323768 0.06613417
0.76460141 0.07946328 0.02635970 2.87616111 0.93656049 0.08315436
0.65573564 0.18711260 0.02188976 2.00566724 0.91786003 0.18800850
0.78581117 0.06933719 0.01535056 3.01923296 0.99354103 0.06033682
0.76327865 0.12079329 0.02022777 3.05848128 0.89692144 0.09177095
0.68826308 0.11722909 0.01626700 2.16236938 0.96952183 0.18468375
0.75695926 0.14006837 0.02341807 2.85656611 0.87931999 0.11488918
0.60105622 0.18386514 0.02277230 3.89453329 1.03274972 0.13555307
0.72550982 0.12905325 0.02986893 3.24396923 0.95767875 0.22699950
0.64648294 0.14039202 0.01992841 2.13271992 0.87025266 0.10926849
0.63053467 0.10241679 0.02848914 2.86196797 0.92103152 0.03879652
0.61997626 0.12744229 0.01074097 2.81128126 0.88716303 0.17769280
0.78038280 0.15065974 0.02828482 3.05510000 1.05834174 0.09315589
0.77141579 0.19931121 0.02992759 3.65395327 1.00424596 0.15445892
0.72612462 0.05420983 0.02045901 3.14121829 0.81151579 0.17637124
0.78116083 0.10381201 0.01402829 2.04234040 1.01399525 0.06763963
0.61528572 0.18373079 0.01247949 3.33420576 0.97844172 0.11001527
0.65687892 0.11472308 0.02514058 2.74227302 1.02308418 0.15868227
0.76430997 0.11816813 0.01818227 3.07847572 0.94438368 0.09779254
0.73528298 0.12490575 0.02927343 3.87419198 1.08516285 0.14751189
0.77889156 0.15614562 0.01298960 2.75989191 0.96764706 0.24344834
0.72755219 0.09268203 0.01674609 3.66471771 0.96170839 0.16044063
0.66617563 0.05993559 0.02813588 3.88171282 0.90396209 0.01882877
0.61323249 0.06382404 0.02746096 3.98638821 1.08534088 0.15604070
0.61113356 0.17482380 0.01509332 3.82969263 0.95511249 0.02361928
0.75334100 0.10944379 0.02643984 3.92543644 0.98184189 0.16385720
0.77386627 0.15643601 0.02751721 3.15439536 0.89633380 0.11435217
0.79981433 0.12291393 0.02390778 3.59448554 0.91808769 0.20153303
0.67751724 0.06158011 0.01920876 2.07899407 0.98117861 0.06895827
0.70552966 0.19874611 0.02302215 3.22470936 1.09293699 0.07486368
0.61848622 0.15659817 0.02272735 2.22090523 0.82879594 0.13932337
0.74516701 0.19143364 0.01670173 2.45375707 0.99796259 0.09148581
0.73094007 0.14309772 0.01936982 3.54966589 0.80012554 0.21027910
0.63726900 0.08425908 0.02804759 2.23300252 0.91035513 0.15074679
0.78420359 0.14185176 0.01545259 3.44358838 0.98030191 0.11483207
0.75510301 0.11972660 0.01360052 3.85807714 0.99665975 0.14798990
0.66157466 0.13188821 0.01264183 3.85654934 0.82680364 0.20684094
0.64852281 0.17642493 0.02570678 3.78484571 1.04616523 0.04953929
0.79105767 0.14992172 0.01613908 2.28947999 0.91730236 0.11878628
0.70536741 0.10861723 0.01913501 2.62266020 0.96582073 0.23944376
0.62495287 0.10015759 0.01252119 3.17336363 0.84169769 0.14356926
0.71416444 0.14503465 0.02607121 2.19539759 1.02834316 0.21043936
0.74196359 0.11628382 0.01643997 2.40732685 0.98681663 0.22348282
0.77529675 0.07425116 0.01793588 2.24596424 0.81211137 0.12884738
0.70846132 0.17080480 0.02167368 3.69256813 1.09346015 0.19309254
0.73611492 0.09826861 0.01888843 3.79984920 1.07701568 0.08230315
0.68136480 0.17864991 0.01756029 3.87166028 1.01774934 0.17408972
0.65530578 0.12925203 0.01055248 2.36737336 1.09253954 0.07599140
0.70089419 0.10550150 0.02318773 3.45296890 0.92455965 0.12461215
0.77927855 0.11715142 0.01354530 3.27380863 0.92717195 0.03629625
0.70868271 0.07676825 0.01292317 2.69049192 0.93106394 0.21357218
0.68160133 0.17932745 0.01185806 2.84111382 0.84804483 0.23438792
0.71738474 0.14693013 0.01507596 3.12979650 1.06154208 0.12497560
0.72726911 0.15109368 0.02703971 3.00530536 0.91566359 0.04872669
0.66365651 0.17566928 0.02591316 2.31353318 0.94951280 0.16006663
0.65322706 0.19399621 0.01765072 3.28894356 1.06529259 0.05860140
0.78720435 0.12677699 0.02212830 2.77667432 1.00129259 0.08441870
0.68231765 0.19412584 0.01996019 2.40392420 0.96928630 0.24796454
0.76029742 0.12463972 0.01905758 2.56677596 0.94330211 0.14864315
0.65490032 0.05585772 0.01859699 3.16199744 0.93769504 0.14141844
0.77231282 0.18627318 0.01733110 2.61191841 0.99876792 0.05666370
0.77763528 0.13167787 0.02774725 2.18030468 1.00212565 0.09469242
0.79414820 0.06667612 0.02042065 3.31717772 0.93726840 0.18776808
0.72254914 0.08856123 0.02385693 2.67582146 0.99830524 0.08406328
0.76543304 0.19456011 0.01735329 2.21113385 0.89827216 0.18298592
0.70284978 0.14984321 0.02100115 2.52140333 1.04587742 0.11229915
0.72023187 0.13852560 0.02463780 2.61894206 0.93647092 0.09692271
0.79454569 0.13726777 0.02087089 2.26343363 0.98765430 0.20350011
0.72585643 0.19022714 0.02577379 3.81542595 0.97087157 0.09293998
0.65731180 0.14965072 0.01589595 2.10885860 1.03048728 0.22157568
0.67548163 0.10270415 0.02575857 2.20960257 0.87967203 0.13018848
0.68198000 0.11687899 0.02225603 3.43754708 0.92826532 0.19041763
0.61148311 0.19467373 0.02653050 2.01602116 1.04182220 0.05195715
0.68072942 0.06704744 0.01474819 2.07377330 0.87626154 0.03158406
0.68379526 0.14896946 0.02233472 3.11315829 1.08193906 0.07250516
0.65439532 0.10604932 0.02222041 3.50590066 0.85974462 0.23292416
0.63559685 0.09047312 0.01270585 2.65307728 1.07532856 0.08502860
0.70271908 0.09437879 0.01990586 2.11693911 1.00072869 0.11158343
0.60762936 0.05297543 0.01958121 3.66309824 0.91322862 0.23526841
0.66845371 0.06211467 0.01917383 2.02518264 0.83385066 0.10844257
0.70977421 0.05228269 0.01776960 2.01063630 0.96246141 0.02154960
0.61242540 0.12649975 0.02047981 2.58582177 1.05950781 0.06974115
0.78366457 0.14769822 0.01110393 3.24837502 0.98261689 0.08359338
0.76872721 0.09202220 0.02672947 3.58316073 0.94099866 0.07455290
0.62217548 0.07785609 0.01118259 3.43964505 0.96266081 0.22809847
0.73265583 0.12345942 0.02760007 3.93088651 0.91243943 0.13352834
0.75577833 0.06784151 0.02608665 3.82379208 0.97303414 0.13846872
0.72262692 0.12018087 0.02721630 3.86901296 0.92880429 0.18420619
0.60584329 0.14557214 0.01220460 2.34624162 1.02330485 0.23066293
0.71858469 0.12433053 0.02386975 3.34813332 0.81447663 0.10376431
0.69941709 0.05926935 0.01597524 3.29344966 1.00782683 0.10300440
0.69341012 0.15205170 0.01273844 3.69797123 0.83392865 0.16710478
0.74864248 0.06461762 0.01291847 2.95493007 0.85022123 0.17299137
0.74412960 0.13606872 0.01480394 2.50393896 1.07621120 0.13745661
0.64059981 0.14741565 0.02830391 3.74001149 0.90063929 0.04097345
0.65892194 0.17067770 0.01595981 3.77621533 0.81126470 0.12658192
0.62999320 0.08650318 0.01851212 2.04025096 0.95390246 0.21169646
0.79022360 0.19027564 0.01014150 2.17154852 0.82391553 0.11622556
0.72423257 0.06845167 0.01114384 2.64296915 1.00632968 0.15236121
0.68680914 0.19483247 0.01843298 3.45624497 0.98402478 0.05265909
0.70663480 0.10089173 0.01683769 3.19880439 0.85958886 0.07274613
0.75545621 0.14494748 0.02075382 2.54605321 0.86598888 0.14182153
0.73771891 0.18401620 0.02739977 2.86352003 0.85245458 0.07703995
0.78654766 0.18348143 0.01275062 3.98234328 1.06333793 0.24472891
0.78457982 0.18329372 0.01142782 3.42741703 1.01900094 0.12290144
0.69476977 0.07488780 0.01569810 3.87860903 0.90749229 0.04529649
0.76695392 0.05385313 0.01149579 3.90556805 0.83231807 0.16578239
0.62646729 0.11845400 0.02640853 2.27543283 0.87330163 0.23537201
0.65033012 0.13042062 0.02218311 3.23912690 0.89580307 0.20925857
0.71655300 0.18750981 0.01570165 3.94551509 0.84634082 0.06060797
0.64376621 0.13516428 0.01758737 3.92375580 1.00393082 0.03992893
0.73699907 0.07928644 0.02846882 2.20129361 0.99766211 0.18171526
0.70424934 0.11664009 0.02209419 3.17110577 1.06780518 0.16257297
0.75209460 0.13574656 0.02553962 3.60620163 0.91344218 0.03407747
0.65342654 0.17258776 0.02523458 2.68357294 0.97756536 0.15210146
0.65782133 0.18988627 0.01439672 2.20327608 0.96799489 0.08333114
0.70735540 0.17692342 0.02446606 2.42049866 1.08324487 0.12746600
0.78741794 0.07123423 0.02946441 2.15843447 1.03376093 0.02846745
0.63684185 0.18609575 0.01021714 3.19649892 0.89343677 0.17037584
0.76168255 0.08100013 0.02150942 2.39076593 0.84943930 0.02559386
0.79517741 0.07052929 0.02907866 3.81354844 0.98165063 0.03393600
0.73382418 0.12995194 0.02951691 3.30448687 1.07911270 0.10800366
0.76577450 0.07854312 0.01386044 3.12337242 1.02986913 0.11553633
0.62338585 0.08315243 0.01107680 3.41392709 0.86113581 0.13440955
0.69784096 0.08313961 0.02496158 3.89286642 1.05583268 0.19855692
0.70950816 0.10004098 0.01684527 3.00691668 0.88094491 0.18621125
0.72494496 0.09597619 0.02275684 2.65163199 0.92637625 0.08251584
0.62531120 0.16034420 0.02021782 2.50695172 0.94351329 0.04401965
0.72844633 0.14822395 0.02016679 3.02632994 1.05386216 0.06555276
0.76602020 0.18444653 0.01930914 2.78213256 0.87125102 0.06816975
0.78239500 0.07183412 0.02309632 2.80954160 0.95427365 0.23016526
0.70202890 0.16071630 0.02114046 3.75271670 1.02477060 0.05342218
0.67241055 0.13223587 0.01089153 2.42912179 0.83107753 0.11790400
0.67394444 0.19182631 0.02382910 3.29074911 0.96526656 0.21401667
0.68547918 0.16389659 0.02217279 3.70262331 0.94936424 0.15962007
0.70170087 0.09857963 0.02364240 3.22227184 1.08821956 0.16914178
0.68723088 0.10797148 0.02464386 3.71529171 0.93152442 0.21100771
0.70774998 0.11898758 0.02999164 2.15708351 1.09386878 0.17161260
0.73631977 0.19671116 0.01746164 2.69406452 0.84862251 0.18087990
0.76284939 0.11369670 0.01260850 3.29534965 1.06342941 0.07213487
0.62516795 0.10767637 0.01168292 3.58512506 1.06995212 0.18839429
0.64330257 0.06143156 0.01311575 2.87477582 1.06555756 0.24599374
0.66429855 0.05749696 0.01924877 3.50797923 0.84171955 0.03503430
0.66419142 0.15897114 0.02468395 3.68174117 0.87248678 0.09528822
0.68602086 0.09641317 0.02314121 2.57306858 0.83666754 0.08797366
0.61778993 0.17894151 0.01539528 3.77983761 1.01985273 0.11661272
0.74457228 0.15842645 0.02265905 2.13811164 1.07659164 0.21599455
0.67430019 0.13994326 0.02129891 3.84678407 1.08052282 0.13509462
0.65850281 0.12764554 0.01425611 2.46307991 1.09882176 0.01985094
0.72183434 0.07701459 0.01357983 3.42522675 1.04699837 0.05934340
0.77327551 0.18034297 0.02207291 3.61253651 0.88765488 0.20132186
0.75060002 0.10786528 0.01178903 2.70665155 1.06393052 0.09809833
0.69422774 0.05327874 0.01322737 2.27887676 0.97988168 0.19670870
0.71580334 0.09560210 0.02130406 3.90261973 0.89309038 0.08934001
0.68418783 0.12234994 0.02565658 2.09711852 0.91624839 0.12729585
0.76664807 0.15228502 0.01147128 3.40183088 0.86702421 0.16563057
0.64133303 0.07256520 0.02034321 2.50908865 0.80766933 0.19371196
0.68666536 0.08842547 0.01616165 3.70422054 1.02894649 0.09877391
0.75737967 0.18465502 0.02071875 2.11194107 0.83167399 0.01046070
0.61422508 0.12135904 0.02471991 3.17705845 1.00595721 0.09676995
0.77173475 0.16947634 0.02203687 2.44491316 0.95789585 0.18090144
0.77218186 0.07377364 0.02528684 3.51040612 1.04723372 0.04771267
0.79937338 0.14845541 0.01649446 2.71939887 0.84557480 0.14991507
0.60051236 0.18098803 0.01687276 2.21673274 0.89668867 0.22064823
0.79483142 0.06353864 0.02964241 3.86701195 0.84262386 0.16679518
0.67584029 0.12633160 0.01377959 3.17893056 0.97369823 0.05642049
0.79960642 0.09672079 0.02567809 2.22350620 1.07088972 0.11742015
0.66340406 0.13364676 0.01031038 3.26247217 0.89193688 0.12089666
0.73976407 0.13190859 0.02820960 2.89241734 1.00324955 0.19642531
0.61587022 0.05098398 0.01251210 2.08814540 0.96832586 0.05045805
0.70881015 0.08168567 0.02060475 3.73867950 0.85177497 0.03906473
0.63210608 0.12957353 0.01426121 3.35233359 0.84963379 0.05029886
0.66383974 0.05775266 0.01849747 2.03144975 0.96736088 0.12785756
0.60470662 0.15513563 0.01010123 3.65707836 0.82500612 0.22478293
0.79278003 0.19816293 0.01349479 2.42545065 0.98921309 0.21556082
0.76136464 0.09702062 0.01423194 2.57800495 1.01127989 0.04929481
0.60444789 0.15019609 0.01498697 2.55016534 0.98719411 0.05370904
0.74697321 0.05883059 0.01654049 2.43828602 0.96980070 0.23319908
0.74568641 0.08185609 0.02538669 3.18469309 0.87419867 0.15011771
0.77998649 0.07148993 0.01113181 3.41483200 0.99992525 0.02482009
0.74904637 0.11231050 0.01374230 3.66702098 0.86776340 0.06650069
0.72895051 0.10547762 0.02773685 2.35504025 0.95118574 0.01462940
0.71327291 0.10066179 0.02614419 3.37320544 0.99219098 0.02793193
0.66976415 0.08366955 0.01333640 2.58949621 1.03995759 0.24255699
0.67132074 0.16153994 0.01016974 2.26433069 1.03836394 0.14904782
0.74662573 0.19320685 0.02156007 2.58384527 0.86915488 0.02624880
0.60707285 0.06230534 0.02786200 2.46426203 1.05724549 0.09207747
0.78823701 0.17995512 0.02149804 3.37797682 1.09798220 0.15631755
0.79762618 0.13057753 0.02153227 3.57540415 0.99159150 0.10155436
0.76488437 0.09074122 0.02784004 3.91077522 1.08211690 0.16846167
0.76141046 0.16955830 0.02958275 3.50329425 1.07779100 0.01897598
0.73348767 0.10867459 0.02644180 3.78948801 0.92278783 0.12045185
0.67910234 0.11174130 0.01621115 2.07170197 0.92128736 0.14550762
0.62622531 0.19126745 0.01743709 3.10730291 0.93835191 0.23682100
0.73725945 0.15847406 0.01434106 2.84409216 0.90353485 0.23735539
0.77443968 0.19194667 0.02054919 3.49347706 1.08027668 0.14082957
0.72500494 0.16742356 0.02921450 3.84952881 1.03163695 0.03213850
0.68450389 0.16530439 0.01839888 2.77416470 0.94124512 0.23334704
0.61360754 0.08061528 0.01018031 2.71139632 0.97805189 0.15187048
0.74352206 0.07956500 0.02587226 2.06905281 1.08297446 0.11095035
0.62052568 0.06829879 0.01885174 3.67875968 0.83803780 0.05771357
0.74929881 0.18279906 0.02793781 2.98111153 0.90622431 0.20760720
0.63278200 0.14672980 0.02230880 3.15313654 1.03563443 0.04293406
0.71078311 0.07509611 0.01602080 2.37923703 0.93560618 0.10203948
0.73372707 0.15175317 0.02240468 3.49893947 0.86050026 0.02818089
0.74142095 0.16489159 0.01313585 2.12609063 1.06072943 0.22893504
0.79526811 0.09441391 0.01604258 3.89645920 1.02701610 0.01433850
0.74203621 0.19880046 0.02481937 3.34329621 0.83325361 0.07858439
0.62814502 0.18786882 0.02625065 2.92717432 0.80264313 0.09784967
0.76961970 0.14263354 0.01309381 2.02760530 1.07964465 0.07905210
0.63116387 0.06898273 0.01034302 2.32901602 1.05614452 0.10886677
0.72104229 0.07616040 0.02741368 3.32995805 0.96361345 0.18686419
0.65152586 0.05756750 0.02400941 3.18654558 1.09718428 0.21948160
0.72714352 0.13902115 0.01064884 2.60970675 0.94721593 0.03901439
0.72347910 0.15766424 0.01284185 3.95410284 0.87187098 0.22860994
0.74332242 0.05629075 0.02935660 2.89404535 1.04353649 0.02525702
0.68439229 0.19568290 0.02627194 3.44975043 1.00819718 0.18010536
0.66478459 0.12972112 0.01542257 3.18969288 1.09170702 0.13130167
0.74773689 0.11207941 0.02408967 3.62896995 1.09867111 0.02872503
0.75114302 0.16119926 0.01676812 3.45564243 0.93290721 0.13255205
0.67574298 0.15631350 0.02040181 3.48307951 1.06604225 0.04316445
0.70418629 0.06632896 0.02292632 3.89031623 0.83041226 0.09650246
0.71767480 0.05176985 0.01572958 3.22600119 0.91181863 0.06631099
0.73667107 0.16690774 0.01830194 3.89893338 0.80860857 0.24320175
0.67367151 0.08242777 0.02452133 3.48992255 0.89156580 0.19474619
0.79379636 0.10218235 0.02305999 2.91463523 0.82187870 0.10074905
0.60814376 0.16015064 0.01045462 2.29584448 0.87393162 0.07164447
0.71163800 0.08485789 0.01345450 2.31917971 0.94486746 0.16745926
0.67513860 0.13262085 0.01004930 2.94594229 0.85750858 0.13155240
0.60208595 0.14867352 0.02731403 2.08021918 0.83747887 0.05575099
0.67835861 0.11535860 0.02826016 3.85111434 0.92240128 0.07933974
0.65416017 0.07760846 0.02507972 2.78765037 0.96309295 0.11989337
0.72330181 0.05605972 0.01335860 2.25686761 0.94527466 0.01698244
0.61488982 0.08544491 0.02732724 3.93881510 0.83970607 0.24820327
0.61066750 0.09548486 0.02713792 2.49372984 0.80213827 0.23200751
0.64009161 0.17341237 0.02467030 2.55410000 0.84083441 0.17877996
0.62282078 0.11110135 0.01319283 2.97402795 1.01325108 0.23376311
0.76077127 0.08913901 0.01583496 2.82733401 0.94849284 0.02089777
0.72404239 0.10346353 0.01700809 2.24982909 0.85629749 0.08861954
0.76773246 0.12352209 0.01414792 3.42971839 0.85005949 0.10525903
0.79610452 0.12942074 0.01948946 2.82024064 0.93323482 0.18743371
0.67774732 0.08953793 0.02758991 2.53534896 0.93388376 0.12115853
0.67964620 0.11495614 0.02342365 2.68691371 0.92504270 0.03276657
0.69614732 0.17174219 0.02455941 2.43065454 0.86336886 0.18049833
0.63505172 0.19669529 0.01784590 2.10643425 1.08261931 0.06670707
0.79436735 0.18314366 0.01825938 2.25340200 0.81506540 0.09474071
0.68853605 0.19757480 0.01708001 2.66922998 1.07994098 0.01213819
0.76633171 0.10084340 0.01162554 2.12554775 0.81397880 0.06792955
0.69992518 0.17424902 0.01754791 3.27818606 0.90977208 0.23720539
0.64715461 0.11281449 0.02994871 2.78895578 1.03798925 0.08634884
0.61930879 0.14609416 0.01212025 3.90777646 0.81763179 0.22983387
0.78888298 0.07607060 0.01002441 3.95766768 0.92033763 0.04738678
0.74179749 0.12706099 0.02679166 3.44535861 0.99916622 0.16125965
0.73941230 0.07746851 0.01837741 2.16091347 1.04553234 0.19594622
0.71052046 0.14472891 0.02278002 2.83821969 0.92336381 0.08738326
0.60565153 0.12475968 0.02294267 2.60797444 1.01090854 0.02111644
0.78072414 0.08033451 0.01296734 3.28698749 0.99824870 0.04269086
0.69735209 0.14724428 0.02112263 2.35944219 0.97334635 0.07050129
0.62017833 0.19293052 0.02317689 3.63297571 0.95689361 0.23465062
0.75982832 0.18352898 0.01730767 2.34048691 1.05497703 0.01589966
0.68770629 0.15742400 0.02079047 2.98730682 0.82720932 0.04520767
0.70811631 0.07641824 0.01787048 3.04103285 0.82091989 0.04078856
0.65964194 0.11045498 0.01013525 3.25009481 0.82324610 0.01502893
0.66792965 0.14203191 0.02709331 2.60292872 0.93554840 0.16488143
0.77543829 0.08818570 0.02394542 2.95286576 0.87854281 0.24029946
0.62120310 0.08686492 0.01211012 3.92185138 0.87277489 0.04365212
0.73428767 0.14403689 0.02063468 2.28307252 1.09013575 0.08690728
0.74940070 0.09787908 0.02695929 3.03748238 0.84616936 0.22878018
0.70753657 0.13422811 0.01461038 3.65536045 0.89119045 0.15063330
0.77076394 0.19689047 0.02355763 3.07323419 0.85472878 0.10036061
0.69382909 0.08805102 0.01590033 3.97700334 0.95497946 0.03332458
0.75298098 0.11449075 0.02058358 3.55518976 0.94578049 0.11109983
0.72816636 0.07661837 0.01380014 3.35069612 1.07315917 0.20786921
0.77747598 0.09542207 0.01790594 2.17915853 0.90328564 0.10403939
0.63900463 0.16190612 0.02852813 2.34414923 0.88792669 0.15558477
0.61450861 0.06911233 0.02778174 3.00959832 0.92182272 0.20225833
0.71144779 0.09877280 0.02815559 2.43414553 0.85686257 0.04628130
0.65004864 0.13984905 0.01911710 3.61542457 0.86724035 0.23905159
0.73327082 0.07060476 0.02448379 2.66198208 1.00168370 0.10016055
0.63133079 0.09991962 0.01519854 3.03985867 0.90005628 0.02760917
0.77293944 0.17835293 0.02450899 3.09743132 0.89367726 0.12965625
0.62380011 0.18199643 0.01672807 2.35247919 0.85534517 0.02577079
0.66943767 0.12394344 0.02430727 3.55005171 1.03634486 0.17281828
0.69527883 0.05075730 0.01009592 2.12914328 1.07686899 0.17151590
0.64935406 0.13710369 0.02328279 3.02451411 1.05556254 0.06461684
0.64796302 0.15274756 0.01982412 2.14150604 0.93988975 0.18872485
0.79162502 0.15039255 0.02345895 2.24185265 0.80349052 0.09618164
0.70659902 0.14279803 0.01327584 3.52202791 0.98807025 0.06921803
0.74826020 0.06653738 0.01585069 2.89708350 0.94802869 0.14020415
0.67981253 0.13916551 0.01225785 3.66140701 0.95830214 0.07089602
0.62585723 0.11096463 0.02088280 2.79942655 0.94894897 0.08630578
0.69446445 0.18514119 0.01076944 2.03330410 0.95233961 0.01954843
0.79098627 0.06303166 0.02296079 2.48538474 1.05319719 0.24285140
0.62550655 0.16595159 0.01085157 2.22438608 1.09831963 0.13219381
0.66028595 0.06553432 0.01382724 2.98455302 0.92085853 0.14303238
0.63941663 0.09903848 0.01451544 2.25922692 0.94694838 0.16962180
0.75446377 0.05682263 0.01430931 3.77226355 1.01634948 0.24390900
0.71256989 0.18823595 0.01317165 3.43592448 0.80920890 0.11946558
0.65288340 0.17712748 0.02239011 2.39539136 1.02383465 0.02898346
0.69710779 0.09403951 0.01501803 2.92139287 0.80897647 0.18475769
0.68158444 0.13393462 0.01724541 2.91238981 1.03742169 0.03689711
0.69217471 0.07289765 0.01514996 3.38812202 0.89767955 0.10980253
0.75312809 0.17765734 0.01525900 2.66762267 0.99089242 0.16419642
0.63747770 0.18061828 0.02056475 2.59388291 0.97672015 0.19012762
0.61940958 0.17285528 0.02418304 2.61414568 0.90791321 0.14468213
0.79858776 0.17227043 0.01489243 3.71764321 0.92322587 0.03194948
0.77701089 0.13626925 0.02677783 2.46106277 1.09125751 0.23848708
0.68590370 0.15126343 0.01062308 3.84421085 0.80038464 0.24159480
0.78204989 0.05855225 0.01865469 3.06224262 0.96450786 0.13872209
0.74757735 0.05262212 0.02125912 3.78363378 0.83089175 0.11019739
0.71444718 0.12333660 0.02789483 2.90851078 0.81286993 0.18586411
0.66200696 0.06530736 0.01957108 3.10053288 0.95996721 0.24848144
0.61300154 0.19380133 0.01719714 2.32713110 0.91081118 0.01188121
0.74880368 0.10483705 0.02197418 3.78679637 0.81357428 0.02256383
0.61878924 0.19050078 0.01801260 2.46976553 0.93492826 0.16670353
0.72167298 0.13830487 0.01530541 3.13529587 0.84433944 0.19710693
0.62256514 0.09374711 0.01712372 3.00105233 0.86874452 0.20342622
0.72125869 0.06993902 0.02482181 2.42762484 0.85256981 0.08280087
0.61973603 0.10753924 0.02685061 2.63255008 1.08695998 0.05212265
0.65092183 0.12726134 0.01624634 2.57465711 0.80145192 0.03482109
0.76797224 0.16401862 0.02247247 2.93743400 1.07045742 0.12429185
0.75009509 0.19113733 0.01979438 2.10403757 0.90880375 0.05095061
0.75347532 0.10176707 0.01207373 3.59324018 0.87601138 0.15703355
0.69291636 0.17106926 0.01370377 3.63181533 1.03789861 0.18498322
0.61001150 0.16186092 0.02407510 2.76212581 1.01332053 0.01063689
0.64415133 0.14050290 0.02009122 2.37410050 0.98987089 0.20997850
0.60380616 0.14153351 0.01853036 2.09946643 0.91490235 0.13318099
0.70049107 0.13765443 0.02398976 3.86207957 1.08567918 0.21963224
0.61889702 0.09979558 0.02425463 3.45949885 0.81104387 0.09833769
0.68954261 0.08436368 0.01258833 3.90065295 0.87896960 0.16441936
0.64312005 0.09873791 0.01771512 3.66858364 0.97464841 0.17469171
0.66595698 0.18635769 0.02095793 2.90059220 1.02797402 0.07421927
0.67843371 0.13142019 0.02253308 2.58617793 1.04163538 0.14204729
0.72011036 0.19273738 0.01079965 2.27097194 0.85808470 0.01085894
0.68472253 0.19965110 0.01022927 3.79245210 1.04072220 0.16839479
0.60347638 0.15119766 0.02671491 2.54538316 0.80388492 0.03735381
0.64510497 0.18426216 0.02657933 3.91711127 0.88305709 0.10763673
0.72046595 0.19299854 0.01574033 3.34088070 0.95388146 0.19099303
0.68628245 0.16102000 0.01295000 3.33060926 0.92726889 0.12628636
0.60009803 0.16005952 0.01466016 3.72916503 0.88100119 0.07631415
0.64298354 0.05820621 0.01845678 3.50915512 1.03151067 0.09962881
0.64113600 0.19635684 0.01565354 2.63798985 0.99964141 0.18139021
0.64272151 0.17143742 0.01537775 2.65681765 0.87827976 0.04473014
0.71614650 0.10330506 0.02432837 3.39923126 0.83625797 0.02427564
0.66932820 0.17979018 0.01772314 2.34818148 1.00710823 0.18234787
0.60124972 0.14949052 0.02492366 3.65121646 1.05155052 0.02008594
0.79214888 0.11183381 0.01751132 3.08468828 0.81556776 0.24869607
0.74128429 0.12533726 0.02816002 2.51366829 1.07173840 0.04665157
0.68209992 0.14094916 0.01928741 2.40049174 1.01209749 0.24010063
0.77053040 0.06444533 0.02687336 3.42205672 1.03517960 0.04589268
0.64474332 0.11779075 0.01995527 2.74506598 0.95983994 0.07344501
0.69045278 0.17808765 0.02941008 2.13679133 0.97017229 0.09948076
0.79144547 0.05114732 0.01980302 2.96605695 1.02568738 0.11045429
0.65042596 0.10100618 0.02795878 3.17425210 0.82943724 0.07575616
0.79827171 0.09217481 0.02366718 2.93528906 0.93368628 0.07984880
0.69877514 0.07300899 0.01173924 3.81683218 0.86260473 0.05063700
0.79913248 0.16230664 0.02261638 3.13344254 0.95268229 0.11920258
0.64253784 0.12193998 0.01760542 2.03684005 0.90852541 0.06948649
0.66516020 0.10702751 0.01463951 2.57612284 1.06925124 0.06440403
0.68716679 0.14378711 0.01413939 2.31468073 0.86612952 0.17559336
0.61733706 0.17904649 0.02631244 2.54010421 0.80608263 0.07176716
0.75270623 0.14117860 0.02991285 3.80638610 0.96221684 0.01768067
0.71870214 0.11400404 0.01025005 3.79517697 0.96474884 0.23175989
0.73465958 0.08130201 0.01164309 3.85259521 1.02609847 0.04699351
0.77120115 0.12142257 0.01194281 3.92702731 0.86396962 0.05480936
0.64219687 0.13347630 0.02311791 2.63913380 1.01223133 0.16198490
0.77191153 0.06793371 0.02996688 2.72083626 0.80456145 0.15160206
0.67302324 0.16471189 0.01124712 3.62222788 1.03315085 0.17592636
0.71121624 0.11585577 0.01472156 3.99325170 0.90140744 0.01112695
0.66774331 0.10739111 0.01452836 2.51519552 0.85658278 0.22032124
0.62761387 0.08927953 0.02598016 3.20140648 0.97268403 0.04983680
0.73195232 0.08271531 0.02165544 3.14264710 0.84834038 0.24192227
0.69329729 0.07866677 0.02621890 2.26832622 1.03960846 0.10896978
0.75227035 0.07522644 0.02176828 3.48473289 0.88643436 0.20470605
0.75051305 0.17651324 0.02353506 3.25405018 1.00510743 0.02066568
0.77878460 0.19783987 0.02757318 3.12549994 0.80502997 0.23039550
0.67183264 0.09347631 0.02580710 2.34289050 0.99133463 0.15828007
0.77466128 0.13291671 0.02477612 3.33232849 0.88163720 0.05416942
0.65066539 0.11517131 0.02688402 3.30692663 0.97584631 0.07016041
0.65197864 0.19653279 0.01276310 3.87695861 0.98120394 0.10470691
0.66324351 0.09722034 0.01350404 3.04944946 0.85102865 0.09446937
0.60263541 0.09189228 0.01557233 2.91142695 0.90693676 0.04221760
0.62904372 0.06885012 0.02602957 2.62936615 1.01546982 0.11857649
0.75584122 0.08673071 0.02823483 2.18556239 0.84764386 0.05169254
0.71639252 0.08257906 0.01204434 3.75101988 0.97949706 0.20909342
0.72466285 0.14705900 0.01963630 3.01475061 0.97042876 0.12003672
0.63569163 0.08504487 0.02368141 2.27791746 0.83778681 0.01321417
0.73168813 0.07741949 0.01171005 3.80161406 1.08768947 0.05720634
0.77822206 0.15719153 0.02204707 3.19471603 0.88688459 0.13389416
0.70915017 0.06972832 0.02561931 3.96949720 1.04637597 0.05738309
0.62974253 0.17038299 0.01622044 2.17450791 0.88733064 0.02972710
0.64626404 0.11462075 0.02810923 2.92957570 0.98871680 0.18275992
0.60025640 0.15685321 0.01774206 2.79251858 1.03400011 0.07549436
0.67402144 0.16930205 0.01154908 2.64759430 0.94659833 0.04554085
0.68290787 0.18867749 0.02839613 3.74435724 0.83844655 0.02941046
0.65508235 0.08610021 0.02048826 2.51097120 0.93911741 0.21238874
0.72945978 0.16795331 0.02010970 2.16837388 1.01794814 0.01725928
0.71709490 0.09807330 0.01592878 3.47600405 1.06203027 0.01405680
0.63591537 0.08136012 0.02978199 3.88728143 0.87001979 0.18709446
0.74960147 0.10640873 0.02080801 2.43396994 1.02095485 0.12600772
0.71881480 0.14751400 0.01520476 3.78043205 0.93071499 0.16119418
0.69003588 0.18524922 0.02076112 3.93281978 0.87773287 0.10190057
0.79620560 0.14647158 0.02798442 3.07143890 0.81818268 0.18955132
0.67884493 0.06997638 0.02531100 3.28542130 0.98270077 0.20561988
0.61476406 0.06325630 0.02187371 3.73172827 1.03364581 0.15021496
0.79882356 0.08784283 0.01554949 2.44740716 0.85924945 0.22832712
0.78672938 0.18830266 0.01440212 2.75467438 1.04882036 0.06855972
0.73575935 0.10911193 0.02192129 3.21154379 0.92230643 0.08759750
0.78133027 0.10725413 0.01690653 3.33782408 0.85425268 0.11838114
0.67230498 0.16068820 0.01607796 2.69358739 0.87479724 0.19184354
0.77307802 0.14526801 0.02527324 2.96968149 1.05790545 0.03803097
0.64685293 0.06135830 0.01902061 3.83103223 1.03249359 0.08551381
0.69235369 0.12659814 0.01282256 2.02373718 1.01843187 0.06216073
0.69550055 0.15394319 0.01303177 3.96403627 1.07147713 0.10597626
0.67685915 0.18251891 0.01780216 2.15469798 1.09459363 0.08188421
0.69924313 0.06077401 0.01087408 3.21766525 1.02664276 0.05360654
0.65804135 0.16350198 0.02806860 3.81988958 1.04950398 0.22485581
0.77948680 0.16615651 0.01468711 2.50109797 1.01275466 0.14801147
0.78877809 0.13843356 0.02244899 2.56338491 0.89082340 0.05917967
0.68324238 0.06118583 0.02782068 3.46842513 1.07807022 0.15979072
0.60900906 0.14686051 0.01645896 2.01835748 0.88832152 0.20399024
0.71789878 0.17159305 0.01840129 3.30972529 0.88875134 0.19786360
0.78974751 0.12409789 0.01343158 2.44128760 1.03879170 0.14399097
0.63011380 0.15030894 0.01197109 3.94613813 0.82803418 0.11399648
0.65171358 0.14521129 0.01244100 2.63559751 0.85382814 0.20306182
0.76264756 0.17780634 0.01907260 2.31751822 1.09048427 0.18925582
0.78342100 0.18163459 0.02639634 3.09592852 0.85862349 0.21199580
0.61351691 0.12200006 0.01052023 2.82240591 0.89262111 0.23977293
0.63299952 0.05198926 0.02331706 2.47932652 1.04100047 0.14664451
0.79342909 0.17003073 0.01729145 3.94842120 0.94871357 0.16909598
0.68976023 0.15558067 0.01934799 2.06401590 1.04412813 0.24731605
0.68994949 0.18958509 0.02544501 2.36254653 1.05684745 0.19535732
0.66045657 0.05192704 0.01373984 3.94379114 0.90453532 0.13626297
0.69763320 0.06054133 0.02182511 2.04926362 0.85436875 0.11723018
0.60093676 0.13963881 0.01823434 3.04512416 0.92602073 0.20872490
0.67448167 0.09522205 0.01455993 3.11485914 0.97191491 0.03234296
0.78906486 0.09161924 0.01153000 3.30019885 0.99522172 0.21589395
0.71922633 0.09004637 0.01080307 3.39689117 0.92795615 0.13671583
0.66229840 0.06837813 0.02334440 3.71310425 0.88526266 0.21431990
0.65763125 0.19091180 0.02938759 2.39852686 0.83990317 0.18377244
0.79725147 0.13011653 0.02954214 2.89927357 1.09754157 0.07475985
0.78702088 0.08046152 0.02099299 2.05519289 1.02072023 0.16299259
0.63987675 0.19241188 0.01051732 2.11362886 1.04246891 0.09126019
0.65229848 0.06180464 0.02110370 2.19158987 0.82919835 0.13780296
0.72828257 0.12610263 0.02962068 2.36126147 0.84137579 0.13207292
0.73898455 0.15434066 0.01526488 2.95707414 0.91147875 0.22940405
0.72769154 0.14914964 0.01410606 2.82577727 1.03447952 0.06259811
0.63224895 0.09153249 0.02338937 2.37144280 1.01660516 0.12209934
0.69666377 0.12313357 0.01102302 3.06662332 1.02166876 0.03030005
0.63649327 0.06009094 0.02910186 3.36805029 0.83425328 0.13092928
0.68790265 0.16133823 0.02892471 3.65973714 0.85564626 0.13264866
0.78387086 0.08641898 0.02460581 3.69087598 0.96684066 0.20870792
0.68904953 0.11384446 0.01964945 2.72962000 1.09934774 0.16318109
0.63405211 0.15867763 0.01436137 3.13842769 0.95936576 0.22647193
0.72363243 0.16776289 0.02874456 3.05332106 0.90996391 0.02742861
0.61174258 0.08734383 0.02908484 2.51950483 0.91864758 0.19879629
0.60635144 0.18703807 0.02281458 3.02158219 0.92921583 0.12873164
0.74814833 0.18667543 0.01321954 2.32267620 1.08926485 0.14369075
0.70478967 0.19540595 0.02511904 2.94797438 0.83470197 0.20735554
0.68576160 0.13891533 0.02180821 3.74846464 0.95043682 0.22268590
0.72452084 0.07841246 0.01799688 2.04471314 0.96894537 0.10571460
0.69311586 0.08563758 0.02698202 2.00758789 0.94766032 0.06181534
0.76645307 0.15416928 0.01099290 2.88175468 0.82027292 0.13060556
0.73515753 0.13082825 0.01782407 3.75769425 1.05932628 0.11916211
0.78697899 0.14243139 0.02359073 2.96319558 1.07894130 0.19390486
0.67934905 0.18928571 0.02255262 3.12767539 1.03123251 0.23808557
0.70601902 0.16823683 0.02589253 2.52706014 0.85334275 0.12374805
0.60221631 0.09027558 0.01828668 3.40833726 0.93450056 0.21883577
0.72622028 0.08885118 0.02325546 3.82535497 0.91282877 0.22176518
0.64724936 0.17525223 0.02403024 3.14568011 0.99562091 0.18022755
0.60283488 0.14131333 0.02841716 2.28444842 0.80545778 0.01557930
0.62435140 0.05564216 0.02443816 2.99212031 1.05523772 0.22596184
0.79285784 0.07990762 0.02886052 2.81656052 1.07250890 0.24208840
0.66992684 0.11079398 0.02161905 2.66527842 0.80979491 0.17959123
0.67947452 0.14236343 0.02236821 2.59983248 0.90917098 0.03454153
0.71481402 0.17749269 0.02263809 3.57849140 1.05055304 0.21287555
0.66128070 0.17095383 0.02790189 2.47002635 1.04976763 0.04825022
0.64090818 0.13443497 0.02717775 2.49627531 0.84246845 0.14650347
0.66443408 0.16052670 0.02104728 2.69942610 0.98741592 0.11646031
0.76444990 0.10935827 0.01493030 2.71736757 0.82634980 0.09905200
0.70141949 0.10318438 0.02755618 2.87109151 0.82364923 0.12983120
